2 1 324 8321 40 444 19
17 1695 1212 11319 174 447 2566 2848 309 3561 4131 2312 686 210 12046 1895 7754 5564 3119
19 921 299 38 1244
22 4915 7 3330 3561 1163 6003 1387 3186 4513 3358 378 366 364
29 27 220 17 128 102 84 49 46 36 320 9 35 26
35 181 84 9 7148 23 86 102
36 22 86 84 17 16 21 181 26
54 16 21 17 9 36 10 680 320 23
66 337 16 320 680 107 17
73 46 49 120 337 9 22 326 170 160 171 21 16 621 17 26
86 6131 680 9 1342 621 8923 102 10 9606 17 16 27 337 320 26 160 164 10819 23 3949 1497 8 121 1436 22 21 84 4919 49 1824 1905 86
88 294 343 3459 1609 282 139 1317 335 235 2848 4767 1082 6655 1080 2720 1914 2013 1907 939 1370 940 366 2569 16 23 1097 464 1695 107 933
91 102 84 160 26 107 23 21 17 49 22 16 320
98 26 31 22 17 35 23 107 160 16 320
106 72 18 520 41 67 40 30 33 32 54
111 108 1278 80 55 32 79 1015 202 42 114
123 2313 1049 461 282 689 39 826 4767
140 50 51 52 720
142 9719 657 3320 1463 1742 3067 52 3082 51 50
143 16 320 17 413 26 23 107 680 339
147 9 320 17 49
156 51 1742 48 52
158 52 48 50 1742
159 209 53 1163 38 7707 2608 134 1244 8218 5652 7755 378 5078 247 5042
161 8216 2396 9712 6000 1194 1191 1189 53 1095 1004 2715 2975 9838 10290 5299 1965 9050 4542 1020 176 239 243 252 254 8332 601 826 833 7278 939 1011 6594 9008 1021 4512 6521 6466 1113 1085
164 8050 4015 8858 1824 686 2930 715 9226 2011 6783 2271 1327 1326 1077 1398 207 53
183 157 12420 7507 6025 6023 111
184 7641 286 4916 1371 828 1049 11948 76 158 2718 209 1405 1079 240 61 2714 5736 419 2711 278 369
186 61 6428 6959 111 298 2850 5959 2476 6003 4513 4511 6735 937 2566 3271 1033 4790 7207 1905 7228 689 367 6537 152 697 6594 6427
197 2014 74 2569 157 1913 1193 136 1194 1907 5334 134 4787 4512 6550 1903
201 176 401 1913 3700 1905 327 7319 75 829 827 5933 1194 330
205 1078 169 8052 368 6668 151 4896 7939 2716 2386 209 1278 6160 7251 6341 8018 76 828 6873 309 686 6161 207
208 4513 470 77 5088 252 279 4511 5442 3328 1914
209 829 418 1050 3329 2716 8050 2160 1159 1895 77 2720
210 4889 309 2924 1324 3274 77 75 1031 76 136 196 356 4511
213 1808 2056 5393 666 4529 272 9204 782 3410 1410 633 79 7518 11565 7834 6835 5508 3217 3638 5939 3985 846
222 5516 5521 10313 46 5519 2707 2703 1669 86 2702 7893
225 4430 8004 3868 5458 10553 2162 6184 181 12054 102 21 552 86 2960 9816 5638 7616 10008
228 11724 5604 5751 7510 5508 1784 4187 86
238 102 2312 8033 6788 8726 84 4149
239 102 8037 7639 6256 12648 2219 10555
240 1005 1695 1034 827 4690 75 12474 1032 169 2715 294 1033 103 2716
241 1114 6743 6831 6829 2011 1009 1007 301 1902 134 1909 159 940 158 299 1905 1004 1477 1097 104 156 1099 1889 257
242 1909 1326 104 152 1005 610 134 1083 281 242 418 571 561 1327
244 2373 207 387 1185 7135 832 3193 104 157 1937 3973 77 1049 1327 2566 2310 356 6024 397 1371 8026
253 1913 419 1003 561 2720 2160 478 301 3994 196
255 2850 1183 3779 826 1050
259 139 335 2010 1050 253 2013 2003 3466 2171 111
270 7630 7250 6291 112
271 9085 6579 10426 4620 4024 7431
279 8260 1718 118 2090 2872
280 6054 993 5460 5879 7282 8002
281 3842 9678 5476 9034 4762 5520 10093 837 12462 7934 12662 5891 12811 6205 1235 118 2312
282 63 73 78 65 56 148 72 54 55 66 350 94 524 81 225 119 8322 186 44 18 30 161 276 386
287 561 1697 6000 4788 2387 3582 4896 2307 1003 244 125 2717 190 2848 1619
291 478 7136 297 2722 241 135 391 7250 125 235 279 4014 4111 2174 151 115 464 1322 254
296 393 8575 3058 7374 6952 4233
299 11046 1500 9749 131 3067 1475 1478 8966 887
308 1096 6831 2717 6823 8551 2002 1082 1034 2505 1035 137 1032 1081 1087 2309 133 1205 1182 5477 1080
311 1244 137 1183 1021 6823 1184 2719 7553 1011 1004 1205 1181
313 7278 7207 978 133 235
316 6085 1096 155 347 133 137 132 6687 1099 1477 158 1092 1372 6195 940 1370 448 3962 2172 2010 189 2003 2396 159 2170 1090 7754 1184 156 2173 253 7752 7751
323 1041 2850 213 6909 4951 7159 5854 6867 77 1323 5220 7755 1322 139 940 2147 10997 12280 6537 2309 2713 5221 2714 3965 1099 877 1313 284 1912 11969
329 478 138 2308 1188 1908 252 282 6992 1902 1904
330 834 939 1915 1077 1050 5476 136 1193 1325 448
333 2981 556 2065 1326 5507 2602 3159 125 158
335 1008 978 2519 1649 7886 2744 2171 7278 1903 1904 544 7583 3574 2173 1316 3159 583 6341 5036
342 158 103 369 53 281 138 240 1114 1097 189 212 921
346 138 3186 156 257 1049
348 1372 156 2718 139 157
352 1628 189 2600 279 1388 1910 309 2173 978 933 725 686 4030 2386 715
354 140 2295 3208 5058 551 685 2356 8445
356 2925 12365 4365 12451 4512 8864 143 4072 7841
358 7683 11126 4298 2489 7723 12492 5716 8106 146
359 4129 9672 4409 1851 5469
363 343 74 151 1192 2719 464 2569 240 1097 6821 6161 298 833 2566 697 2930 1905 1089
365 39 10099 248 249 151 1007 610 245
367 8856 105 246 74 4669 134 151 2430 5597 1080 2639 207 2718 461 208 10516 1020 2310 1114 1098 1099
375 213 152 1050 1041 1910 1077 1114
381 189 343 4334 299 293 937 155 301 159 6033 132 1092 4513 2308 156 938 941 6257
387 10431 280 7754 5947 339 2172 5407 3466 933 6606 3530 5658 718 1322 5951 1091 4475 1327 7641 4983 8053 3006 1830 1937 1079 6510 59 155 2170 5716 5190 924 417 877 11234 3927 1325 9921 6075 4678 1905 2863 3714 5555 8218 11524 2885 1163 2614 5562 5075 3204 7264 4479 7430 3129 9488 1914 5047 1326 4833 4588 2447 11197 686 6195 3486 4485 2387 8330 993 2311 546 6526 6405 1649 7850 368 365 1069 53 1211 10452 11288 8023 3768 1697 2002 8670 2856 2395 361 1696 1899 7675 2405 5630 1643 1681 1090 3599 369 610
393 8040 1188 245 7956 6149 4990 1186 1915 1114 2388 7959 2717 940 1099 6664 249 2389 7912 1655 8041 11077 6212 10918 6713 7098 209 1914 7868 10289 2714 281 1909 243 207 7859 244 7347 1908 156 6955 4488 1007 10974 1191 12452 12303 11078 7945 5361 3018 1077 4507 174 279 296 3562 157 242 7348 6662 250 7640 6663 12021 5242 6228 7557 1194 1192 7554 7553 1009 939 4511 4513
395 3109 1128 156 6142 4059 180
396 546 157 2569 583 254 1326 1041 4511 1455 1477 252 3980 5828
399 1097 6829 1034 1914 1619 7754 1398 6923 134 7447 1032 12631 4187 158 538 1313 593 1830 2540 1323 3640 3375 561
401 1371 1077 11309 1083 1079 1078 158 5507 2848 1398 1322
405 1187 247 2010 2003 1097 2002 158 1093 1092 7753 155 238 832 251 301 159 237 2170 448 189 197 239 2013 1912 2014 2569 1185 1904 1184 2012
406 59 5652 941 293 5653 937 207 212 2173 2066 2170 7754 213 250 209 2011 5651 2012 5650 208 2751 231 7707 6195 7135 2013 237 214 297 1707 238 7752 159 1910 938 254 3466 5334 1902 1905 1184 6655 4546 248 241 255 309 244 211 1327 4979 1187 1097 251 2622 1326 4787 4794 246 939 242
409 8022 1050 985 2504 163 1004
415 2566 1322 169 1159 156 378
418 1902 2307 366 285 1212 286 134 169 1003
419 294 190 1326 1159 308 1372 286 582 169
423 391 228 293 1244 939 174 1619 132 244 297 560 1004
428 3615 6016 2662 4087 3892 1345 5785 11135 4577 4868 8037 175 1604 2397 665 854 855 3928 3774 1501 1929 2491 1517 1679 2941 3096 2347 4853 5914 4807 6591 1489 9839 6605 2991
431 5959 3194 8231 5580 6763 2395 2498 228 1899 6003 11460 11831 7678 11573 4864 2497 6530 10236 1007 4255 1009 3768 8884 1312 7625 546 6528 4669 1895 4967 4365 4056 2396 6951 3119 3229 2848 1154 176
433 6961 2387 1649 571 3980 5443 1316 240 6432 216
439 8854 282 8018 6521 1609 350 3778 4513 1034 1098 8021 7459 1472 293 168 300 301
444 4632 8782 181 8005
451 257 1089 216 1184 2172 2171 249 241 1326 365 1327 243 3466 240 6095 1205 244 2105 2720 189 1188 1191 301 1905 5651 1007 242 1081
454 833 3665 464 2569 1697 7053 2714 2715 2720 294 6821 5590 4415 2639 4301 561 9925 132
456 3871 2838 4636 4531 4999 4793 1816 5040 5153 12178 3229
458 8648 193 4449 5475
460 3358 470 11773 1386 921 1036 2312 4511 5442 2600 7607 4002 461 6000 194 3561 2308 6897
463 2837 2476 7424 1188 194 2836
464 406 9241 6712 403 11924 7996 5298 6214 546
465 8046 4915 326 5613 1340 399 3470 7705 395 1902 23 402 452 328 195 6511 6000 543 6521 547 1278 228 8021 190 6594 641 2717
467 153 152 151 6268 296 1187
468 196 1191 285 1194 561 689 698 1098 1097 1905 335 11684 678 877 1902 2602 2716 2566 1771 1211 11186 4551 1159 159 1695 6825
470 6337 8018 7207 1195 1907
473 258 1327 294 1078 877 1097 197 2314 4394 158 77 241
476 267 5309 5700 11075 9104 5158 12481 200 1233
479 7126 1425 8874 8106
493 4790 2227 4787 1536 2311 1099 159 4881 254 3790 2160 178 350 339 211 4513 403 1191 1190 1194 626 197 4546 406 402 5652 1187 399 7542 3979 1035 181 2715 5653 546 299 1477 1049 1009 227 294 3274 326 2386 4957 151 3778 12 1080 249 939 242 1114 158 1079 240 321 1007 155 3324 7410 2388 2602 243 251 2389 625 241 2396
496 7939 210 5334 4512 1193 1113
507 7689 213 248 1083 1649 208 478 2844 1908 2240 2608 1278 1003 7220 3349 1914 5595 298 686 921 1697
512 1452 4512 1004 5275 1003 1906 174 1020 1034 1021 3979 1327 1907 1326 2013 6161 2714 2002 2608 2719 2715 228 1477 2003 1085 3561 1194 5650 1192 1093 2713 214 1186 4915 1087 1080 1191 1193 2395 1226 1083 5959 1090 674 1244 5434 1094 1095 571 1189 1188 2065
514 215 5576 1748 4118 2295 2684 5396
515 258 11177 6821 1902 1910 228 418 216 3054 2172 993 5242 4646 1371 1181 6367 1189 1913 387 7753 546 2719 297 1905 1937
520 3665 2396 6162 4732
521 7135 1183 2850 3186 2566 2010 2002 217 1182 53 5075 1008 3466 253
524 5791 11198 7092 4896 3345 7287 221
527 8348 224 1934 345 568 8253 3208
531 3193 1405 339 1902 1404 8679 45 877 326 1370 1905 1372 85 4062 5308 228 461 544 685 1244 1212 924 7755 2848 220 2244 350 181 206 1006 2566 397
533 228 2240 6701 1657 1967
534 229 10627 5584 579 351 6367
535 1478 829 8254 6378
538 1084 4767 1326 4511 111 933 231 233
542 4103 1486 1418 6968 11002 232 1337 4056 4613
545 8069 235 1008 2639 234 2566 2476 2716 1039 7929 2751 2070
553 7614 3942 8247 7379 8432 1157 4529 3692 10271 1019 3407 4158 7382 236 3115
554 238 6798 2612 6195 5434 6917 406 237 1090 1088 4365 11021 1824 7751
555 1094 8782 3108 1092 1087 1089 1184 1085 6823 1136 1093 11497 1095 1082 674 1080 1035 1183 1020 6115 1113 1327 7142 1326 11765 6095 1021 546 1456 1004 1244 529 293 3737 2716 7186 940 1097 1193 1192 1188 1187 1185 1181 4334 1477 1003 1905 237 939 5477 1586 2714 1954 1713 9249 1009 3584 2404 1007 5653 2090 251 5652 7752 2179 5651 3483 2719
564 308 3574 212 1205 4669 282 1211 241 309 2170 247 1035 1187 367
583 1912 5334 7 1371 2566 6195 1195 3666 6160 697 877 1212 378 561 5597 246 4255 4015 4414 478 1078
587 593 2713 1041 247 1159 3375 1914 2314 1909
590 7634 5959 3973 877 1077 6825 1005 250 6831 1326 6839 6821 1020
596 242 5959 356 240 5652 243
597 343 2013 214 7753 6 253
600 132 4669 1905 298 60 2387 158 296 739 251 253 593 6832 1193 2014 8243 640 1186 137
607 347 6542 698 1005 3324 387 256 2011 3561 1372 6675 1195 4669 2600 1244
609 6730 11799 9241 11257 4846 2930 12475 5567 2160 12774 938 7854 2580 1205 1302 6362 4940 11882 12448 678 6492 6652 6363 5079 1372 5886 6754 7834 2293 9206 12041 7845 8952 8065 2639 1830 1095 939 11970 1902 3560 11169 4071 7238 10889 686 1181 256 6240 6333 9969 3979
611 1513 11306 257 10722 4800 7399 6928 3701 12535 1915 6017 11781
612 6024 1049 4898 3878 715 2992 2559 194 5377 3056 2533 2569 7373 2172 11988 1783 1450 5760 7219 378 877 6025 1478 7116 6537 5291 678 1327 6195 2662 3438 1003 4669 4790 1340 1380 209 1695 1060 6735 367 7519 4447 6825 5263 2397 1322 1244 5299 1159 362 252 712 136 7770 1657 4539 207 418 11522 686 1423 3274
613 259 4674 11042 3199 11609 7987 7557
615 6570 2710 1615 1958 633 9766 5261 7250 260 6203 3145 5894 2696
616 6566 7092 2873 636 3078 7055 7326 2755 4172 6389 930 2111 2116 905 261 2489 264 11507 7894 5976
618 692 4193 11032 7055 10437 1238 263
622 7403 2275 2593 5655 2692 7480 4087 4930
627 737 2078 5967 272
629 6521 1695 1097 258 3498 1194 1372 1388 4979 1077 4014 1370 1114 1911 365 366 5652 1915 285 278
631 285 245 2600 2307 8152 6863 244 2011
636 1189 281 207 1077 2718 1194 1812 125 299 209 447 1191 1192 1193
637 12200 7126 2814 283 2726
642 6427 951 829 6001 1340 6431 2635 6967 1906 5573 5053 3470 3171 6896 5078 6341 1911 77 61 6859 1004 647 6961 4512 4425 583 284 6000
645 2850 418 3271 2639 3186 4512 2849 307 2848 285 7559 1473 3979
646 2388 1035 1080 8052 921 8358 4916 1049 6023 6982 3833 701 1095 285 5507 1082 1649
648 1914 1937 416 207 2244 1317 285 2221 1609 1695 2600
652 761 291 423 311 7930 7738 8142 5941 10415 5816 1845
666 1212 3229 298 1278 1195
668 4255 4881 1191 464 1194 1163 1159 1325 4789 174 7616 678 907 6023
670 364 828 1649 309 478 610 174 5564 366 245 244 299 11944 464
671 2505 1021 6095 1212 1097 1327 8189 1186 940 1087 282 3779 1114 1188 3778 5204 1326 593 301 2924 1080 1244 8218 10890 1099 36 5653 2717 1088 544 2013 722 1049 4546 305 5651 1904 11056 1477 1861 416 5477 546 228 343 5442 1098 5650 1012 1093 323 1452 238 1078 6687 24 1091 1909
672 1912 2011 2386 1096 301 1370 1937 2160 5075 610 299 369
675 8026 962 1083 5251 4770 7146 3979 898 1405 300 832 343 2608 1077 1473 1909 560 6873 2566 1212 1914 5446 826 6161
680 1006 1902 1910 2566 3466 300 2012 189 279 2476 155
691 4742 7430 8524 929 10347 305 8365
692 5555 5636 305 3321 4545 12324 4099 6109
695 367 6431 6527 5299 307 208 2504 6427 1325 1033 5036 12012 6257 12375
696 5849 307 194 2569 2877 3375 601 4568
698 1005 1302 1049 309 1083 571 213
701 125 1621 1070 1339 310
702 2662 3856 1489 2491 2349 12533 1177 5506 1679 1500 313 1517 525 4200 6498 9349
705 5223 12580 9788 5221 12817 5216 5218 5219 1237 5222 1182 318 8105
706 7560 6580 2698 6713 8213 5064 7059
708 7698 12126 9578 11004 5565 3191 9223 7534 7989 319 6814 7500
712 5613 2182 2566 323 5607 717 6161 6278 1182 7607 1205 4301 8292 11750 5334 1021
719 546 401 36 330 327
723 7444 332 3155 3106 9286
725 1089 4690 1327 1914 1314 1907 280 249 335 939 940 248 1194 1184 1191
728 561 5954 4927 4881 1812 1386 335 7430 6158
733 7277 5651 921 1049 1244 339 2165 1078 1327 1003 1193 1004 1020 1082 5653 1035 5650 940 7605 1050 2309
737 343 4943 75 1077 1326 3275 1317 1315 1114 2850 2601 8083 4767 1009 363
740 1326 1902 1327 1020 2720 4511 5477 2850 1182 2715 2713 139 2312 6161 1011 419 501 1163 1085 1080 344 1244 499 1205 12679 7957 4789 6828 1477
741 7 6821 2569 1902 1325 538 2848 344 1050 6829 6832 4018 6000 6690 11844 7754 8366 1190 2127 2719 3777 6667
744 482 7504 346 3989 7583 11439 5683
745 5779 6221 23 2889 668 7127 4297
746 2019 8625 3333 348 3317
748 12136 12135 604 348
751 11434 9744 9711 11093 5789 5767 5534 2621 9071 1371 2201 12769 353 7166 6898 6144
752 7720 3778 8996 568 2216 9649 224 7820 7723
753 1425 2162 10019 1565 607 5135
755 4550 2355 350 12665 593 2187 11860 6829 6776 4365 4690 357 2273
757 359 1651 2614 1590 4461 6414 3327 4324 5980 4728 4530 5486 3405 7674
758 1977 2312 986 7444 660 603
761 299 1325 256 6023 361 417
767 1804 6523 11777 6526 4149 11779 1905 1907 125 4255 7582 7583 1371 5042 368 5027 6001 5226 4986 6002 1902 1805 364 366 7958 11892 6332 3470 11671 4542 5446 365
771 1041 5275 6714 2388 447 1005 2244 4767 368 11902 1695 640 10945 366
774 6802 2388 368 2389 2002 3974 2569 418 1011 1096 125
775 1077 1325 368 1914 1340 296 1385 2580 933 1034
777 6542 418 11114 1195 9914 132 369 10066 1371 1766 190 227 1952
778 1125 1075 3345 370
779 1283 1802 9111 1052 1775 3067 8111 2268 1714 7793 12275 4686 1500 370 390
781 3778 3607 852 5674 10387 3047 1934 371 1801
782 372 8110 8113 4341 6330 5820
792 7205 385 2914 2236 5521 5086
793 3994 1771 8111 4091 4099 10227 6108 4803 2967 8451 1399
794 4255 386 520 8299 3075
795 4201 7096 12548 3426 386
796 206 5912 23 5501
799 2716 387 2717 2569 1914 1912
802 1885 1528 2987 2986 2397 914 1136 11527 8985 916 6143 5322 390
803 830 1628 561 4915 11007 158 4669 1902 1910 5299 3324 828 1695 8218 214 242 391 2569 686
805 5383 6614 3021 1644 9060 3465 3863 10311 7070 4911
807 2609 6099 4512 5384 4889 2478 394 6909 9551
810 561 394 12839 7279 10556 4738 7801
814 4436 6020 11719 7605 6792 5710
815 684 4132 2737 789 11435 6382 6104 9410 4610 2304
816 645 405 3849 5887 891 2496 2847 7723 8856
817 3315 716 3073 3313 2679 3558 405 8750 3430
818 8106 8193 8187 7582 2814 685 7583 405 11544 7382 607
819 1579 1339 690 8419 1236 2495 1342 9410 414 407
825 12277 5064 8110 412 4040 561
831 4190 2594 4980 6286 415 2378 948 4042
832 829 1385 296 6341 478 2171 1005 208 7207 2476 6528 1907 1049 8018 3186 416 8021 2105 4637 2314 2313 6735 7939 6520 3980 1315 6521 4669 5442 6000 6748
837 3608 418 9000 3991
838 420 4114 9270 8114 9728 7691
839 646 326 337 8327 303 2070 490 680 838 182
840 8910 5221 5550 2967 548 6233
841 7801 11037 424 6569 4248
847 5986 5665 3563 2057 7205 431
848 432 6778 431 5564 9763 8325 506 4001
850 1765 3139 8146 3209
854 10194 6970 6631 1190 439
855 11088 2951 440 7281 11625 7939 354 7595 7849
856 5521 7599 5516 5519 8731 583 442 7138
857 815 2635 6353 11270 10331
858 87 6851 444 8321 509 445
859 5747 2374 844 5997 8082 5339
860 447 282 1403 137 6550 1205 831 2386
861 978 239 2003 210 1096 5477
867 4433 4380 5261 6563 5637 409 454
868 5435 5602 8341 6225 1081 802 4111 1973 9099 1516 7268 5282 5410 7571 454 891
870 1292 3071 736 1175 1466 3422 949 11640 4649 735 9260 952 5579 647 3160 455 8412 502 602 1877 2404 2090 917
871 2484 3934 8415 3935
873 11629 394 3067 4127 6129 8862 7404
875 5983 561 5226 7096 10214 3818 2101 2040 4352 9347 6838 11084 8347 9997 459
877 5284 5949 2798 4372 9717 1934 7625 460 2774 6972 624
879 1089 2716 1915 2173 1908 461 1185
882 10065 11617 9234 5591 5592 12810 462
883 1323 6655 2387 464 8018 1082 197 1326
885 8374 692 512 1249
889 11208 4855 2995 7223 7616 4153 660 469 603 10757 3914 3663 7881 3031 9943 2382 9752 11009
890 7444 7661 5935 4802 667 3316 4200 595
894 6605 476 4519 3769
895 8019 6958 3328 281 6024 6520 8021 4789 6521 478 1866 2396 6003 593 10644 12232 6001 8214
898 4056 1697 8928 7452 4827 6765 479 4321 3962
899 6532 4712 5339 7580 620 10819 6014 4316
900 2468 1219 1491 1283 1176 1735
903 7570 2906 4889 482 2777
907 5842 3979 6795 3194 5224 486
910 8448 6637 1057 8620 2901 489 2349 856
914 7923 7047 3420 6638 4512 493 4818 1056 4604 1230 619 4999
915 676 494 5171 2960 5053 5580 8983 7720
919 509 340 500 511 537 1425
920 537 1784 5419 6932 4158 8041 4569 7336
923 6739 4053 2070 7238 5260 9163 10324 2069 4130 10256
924 6895 2592 503 8624 9543 7057
925 2020 6180 5563 5425
926 5710 7482 5446 6270 990 7438 5289 504 1657 3855 5358 515 3949 2269 2892 783 5814 2378 2452 5746 6289 7749 2733 5031 10562 7155 12815 844 2951 5745 1755 4442 11831 12467 5897 3682
927 3406 1247 1599 8139 4828 10565 506
928 4255 4896 8262 7794 5282 983 506 5721 5446 7129
935 2495 8365 5142 5564
936 7519 7591 517 7542 5171
937 518 6910 4618 3324 5093 6151 7687 1043
939 7283 11015 521 5941 3390
942 10034 11989 932 523 4002
943 8143 1977 1480 10469 2639
944 857 6500 4686 7444 6498 786 7245 525 4807 856 3081 1489 2514 2278 7711 5483 349 1825 2225 3067 392 2552
946 4476 2091 3584 6389 3757 3501 4496 4487 4466 4469 11997 527 3168 4364 5192
947 913 2348 854 2668 8966 857 665 2349 1622 9446 5515 7711 2992 1716 8621 7715 1154 911 532 1528 3786 2278 2662 5646 9511 3486 3387 1614 3037 856 3056 4807 3067 8544 3082 4686 1498 2755 1358 630 2684 3928 528 1872
949 10783 530 8109 10771 5129 7147 4526 4524
953 11632 4832 680 166 7723 953 9205 5444 4687 2167 4066 4107
958 5464 8722 1378 7484
960 7143 542 1028 3320 1716
961 7186 4022 6695 4833 3171 542 2290 7312 2664 5063 3808 2567
962 542 1213 1727 11555 1924
964 542 2303 11826 6462 6585 4765 5314 1651 3527 7720 2275 5516 7723
970 1545 1495 1182 11448 546
971 7877 4537 3823 9083 3447 7635
972 1875 3808 3196 1931 5175 1478 8056 4701 4613 1279 3208 3067 7901 6189 5031 3027 9544 4190 3897 4191 5656 551 8161 4184 7009 10126 6354 9101 4884 3351 5316 5717 4844 2491 1486 953 3445 3929 2123 6488
973 7911 6951 11195 1242 4532 9852 552 4667 2094 4519 10747
975 4538 3938 5949 7214 7186 1589 6931 2640 10645 1236 7220 9720 3934 1139 2894 9629 4794 9036 1342 6713 7684 5683 11812 5898 4158 10006 3362 554 8102 2962 9087 4187 2965 5901
978 12495 2236 8053 7993 5511 1695
979 1275 2756 1377 1916 2632 1136 3082 1296 3030 557 5506 1769 9814 5505 7350 7304 8868
981 3035 8257 1875 3320 1440 963
991 4037 5316 561 7411 12497
994 12415 4955 10801 8587 5822 563 7054 10835 12042 12159 8557
999 1906 571 1372 1080 1049 1278 556 8049 4326 2504 2160 1902 1907 3193 1915 874 1370
1001 10737 2081 7355 623 572 2079 2077 7151
1002 1502 3818 4698 8035 2834 576 11409
1004 8847 8079 1339 881 3486 6564 5519 3591 6180 3938 4190 1414 2674 12666 577 3493 5073 1621
1006 227 8412 8672 5358 8435 578 5303 3151 1310 2203 5114 8832 7990 12830 7212 1608 11115 8447
1008 1191 6065 6896 11537 11053 4513 1194 1181 1011 1080 1034 1095 1079 6897 1184 6961 1302 580 2013 1007 77 1035 1020 2011 1083 990 1193 299 3777 1033 1094 2173 6161 1910 6427 4787 1906 4915 8026 7753 831 6428 1477 6831
1012 176 1099 335 207 1212 125 7707 1114 583 1619 8218 1911 2166
1016 10808 4158 7695 6579 3183 7583 6069 583 2806
1017 584 4255 10129 4625 2737 7083 6151 5363 3157 9313
1020 1113 1914 248 1189 585 2718 2602 1905 181 1193 6024 1190 339 1909 246
1021 352 468 587 4256 8538
1023 2291 2839 8037 2274 6129 8175 3096 6708 10894 590 3364 506
1027 10056 596 312 262 9989 10164 4865 2583 1584 662
1029 405 3826 10226 8386 11634 3733 599 2047 3365 8486 12619 2696 10044 5072 2104
1030 8739 9909 5649 2564 3831 2182 4504 7977 4447 3834 3464
1031 6911 6922 12409 2236 3211 12133 1423 2498 557
1032 1913 1063 151 8053 6117 4255 6429 6001 6427 1315 4896 4669 1278 1902 6000 1910 8216 5442 77 601
1033 421 1771 1748 8681 9058 3925 1960 8323 12616 8106 7872 438 7372 12232 1871 5552 5500 9219 7894 7167 7987 8758 2142 3536 905 4512 11855 1341 870 4558 7419 5180 7723 4372 844 3044 607 6713 3004 7125 1540 6673 3362 3363 3426 8204 8139 8126 4710 6478 4113 10213 3749 4158 4226 5270 10098 10068 4522 11794 10533 4391 3047 3486 1055 8164 6642 9688 7816 5792 9561 12051 603 2689 12570 8861 11987 4920 4974 2696 1692 2163
1034 3145 2817 4255 4228 4511 603
1036 8119 12500 3908 603 7658 3149 4104
1037 5072 5653 5024 8110 7494 10109 604 7891 5068 4111 9926 11073
1038 605 7541 4917 8681 10565
1039 3790 7922 8046 3768 10266 606 4368 695 7519 7368 5710 1380
1040 4519 6180 1536 2725 1397 7689 3935 6957 6310 5564 8108 607 3366
1041 3955 3951 995 4844 6262 6435 12245 8883 936 8947 7335 7165 2951 4996 12647 2720 607 3114 1441
1042 3129 11998 10576 6311 5649 608
1045 7238 1882 7366 1108
1049 1734 6232 1671 679 6375 1306 619 6985 7185 7742
1051 1786 7581 5738 12703 3639 8408
1054 966 9329 660 3431 7444 1960 7609 11051 2493 3031 12321 8554 10982 7205 6923 2960 4324 4796 4440 5596 8178 726 1464 1832 3914 8578 3845
1064 2216 7122 631 514
1066 8197 3584 3243 7316 11266 1129 5192 632 2632
1067 6239 3145 4504 7869 633 4119 5091
1068 345 8514 9016 5158 7616 8333 685 3620 122 5995 7492 5022 3024 8326 7630 633 2504 4276
1070 8093 3572 6232 3247 1688 12838 638 9023 3129
1076 680 888 889 894 8005 810 645 4134 11381 2996 9785 3012 3015
1077 2404 1528 1121 3422 3082 647 1478
1080 1058 8147 650 3697 3696
1082 1037 651 1359 2397 1460 8894 3082 2808 1916 1522 1885
1083 6525 662 2247 9705 5181 8500 3629 6526
1084 4488 9704 2907 12434 6099 2366 5817 6627
1085 9610 8420 4305 6242 9279 5816
1086 3668 2497 654 3320 3208
1090 6209 12701 1618 8622
1091 10877 11269 3766 5700 9760 6723 10847 7158 11874 12049 11029 4448 7990 9821 7600 6936 5609 6865 6529
1095 2960 5374 661 11610
1101 6790 6868 9750 1564 8050
1103 1790 667 4801 5582
1107 5268 2156 1190 673 2433 4198 6327
1111 6001 5876 5869 7853 6594 6948 7721 3375 4524 11387 4518 6528 3734 4541 4881 2566 674 3051 5626 11384 10939 5341 9741 6897 4134 7586 12339 6520 11385
1115 3459 2569 246 5275 3006 940 1912 4257 4881 1097 6690 674 1909
1116 675 8365 1731 2966 3975 1628 883 4298 1612 383 4920
1117 6902 6229 5292 2933 2932 7998 3840 7583 5284 5158 6579 7406 7582 6925 12650 5171 6347 7374 7264 4408 7720 12245 677 7168 5042
1124 3716 6795 8382 3514 497
1125 3778 2342 681 11138 1985 7674 2456 7011
1127 7634 1233 991 3660 685 4786 2273
1129 1425 5744 2635 11881 12712 1479 1100
1130 685 12836 3630 6104 6522 5224 312 11334 6105 2352 2158
1134 2513 4357 686 5109 6049 7320
1136 2084 5972 1678 5655 517 2726 6287 12430 4396 12078 8282 7471 10979 10526 8264 687 7800 11734 6289 5369 5901 2215 192 7443 5642 783 5699 11570 7689
1140 1007 5742 387 1009 1079 1083 2313 962 1210 194 1902 133 1316 1082 169 898 5844 155 826 1195 298 2639 1035 1097 2566 2569 830 1697 418 689 1096 2310
1141 8179 689 1177 11887 2943 672 1400 6012 12685 11171 8126 6741 4780 1397 3354 11238 6652 7247
1142 1326 6408 1050 689 1323 1077
1144 2491 2397 690 1478 2278
1146 691 12336 1948 3800 7295 4581
1147 1785 5646 3874 1517 5854 692
1148 6701 1682 9169 2271 693 5595 2341 1772 6753 7678
1150 9992 694 9733 10255 5486 10320 5238 9873 3643 5665 9076 11248 3652
1155 269 1611 6381 4624
1161 1985 3194 7587 10642 1983 10285 681 5289 3954 4851 4625 7862 702 4255 3580
1162 4661 4384 6487 5217 702 11805 6762 6126 6739
1164 6389 8037 10770 704 1686 1960 7096 8434 3876 4542 1246 10719 7066 6209 5171 6425 5988 12371
1167 7824 2762 5898 709 1248 11120 2763 961 997 2772 2669 824
1172 11344 1003 369 448 111 1069 133 2244 5653 255 1032 3105 739 11217 5651 152 77 2397 248 1695 6655 921 419 2295 711 1005
1173 2230 2090 3067 2102 814 4272 6242 712 4675 6041
1174 1288 3117 4386 1580 4615 1818 713
1176 2522 10353 3979 714 7908 1413
1177 7755 834 2314 2639 157 1077 715 169 1044 470 1087 3973 2569 538 1372 4414 8605 2566
1178 6708 12732 10969 5380 11018 5340 3342 717 11679
1181 3584 3214 1684 1291 9915 721 5583 3163 2397 1464 1289 8667 966 3067 6389 7444 1732 7103 7075
1182 2933 10198 721 506 6217
1183 105 6024 12568 2569 1093 6735 5651 4896 2395 6537 722 1323 5959 1322 2010
1184 8900 1620 1485 1470 724 8894 2689
1185 8263 1719 1604 2529 2397 1500 1522 1528 2222 909 724
1189 10535 1341 2619 729 2618 4384 5732 11292 4326 6090
1191 1757 6530 4719 2349 856 1120 5009 750 1129 6654 5208 8067 8095 528 2073 9449 4158 3298 3938 732 5258 7046
1197 77 827 571 1060 7358 739 6959 1091 4015 1908 6646 156 6428 1205 1003 1371 335 254 6161 1911 1093 2566
1198 6521 3979 4151 2981 7247 8984 2566 6432 739 369 4513 6832 8021 674 898 2395 2389 214 5781 418 3459 6887 1323
1199 8172 11982 3172 6630 1934 11041 6320 11747 12123 5231 3106 9142 579 6849 12081 6313 7720 3047 2209 11848 12548 10934 6868 739 11132
1200 739 10671 3760 7765 7199 442 2091 11041 12252 8690
1201 1411 9273 3738 739 7720 10230 10137 1620 5454 4178 9595 2614 894 5497
1202 883 12004 740 1165 690 5457 9842 945 786 4617 2866 853 5814 2349 10036 5646 8233 6232 7272 7924
1203 5134 1479 3198 1414 8819 10397 3528 7023 3338 6474 10612
1204 1636 8861 742 923 7580 10786
1206 5712 6293 5610 3979 743
1207 2084 1408 8507 743
1209 1491 9910 9115 746 4034 9490 2090 1250 4103 3320
1211 1003 4017 4244 10081 6052 5419 2032
1214 1944 6004 9718 6628 6521 2879 6967 751
1215 4614 12654 4261 5133 751 1344 6220
1217 753 7689 1178 6564 1320
1218 2578 1722 7354 1249 8649 1732
1221 1483 1013 1734 758 3584 4708 1482
1224 6090 1236 760 6264 5842
1226 8450 8820 4513 2443 10744 3181 414 762 289
1228 6950 2465 7193 12062 10368 4849 3048 3114
1231 6672 771 7098 2197 6117
1232 928 7939 7574 774 9257
1233 2546 775 1979 5555 4049 6635 9962
1234 7380 6922 12453 7444 777 7319 775 7320 4590 1457 3734 4893 7538 6347 6559 4238
1235 10489 883 5812 1500 1220 3738 4694 8847
1238 10869 12306 8401 1223 4360 1407 3787 779 4340 10683 788 2701 5924
1239 3600 900 4195 11700 2291 993 4138 9420 8653 6698 6718 3771 1064 11972 3831 9767 6271
1241 781 1931 3433 8190 1027 1443 2184 6927 4832 4458 5814 3071 6176 944 3488
1243 9500 1895 2772 7625 2776 782 997 5583 7444
1245 10267 3537 1066 4509 4666 784
1246 5158 2126 784 1787 2635 3685 4073 6866
1250 3279 3460 9801 5596 9747 9164 5486 6084 6532 2491 789 2203 3096 3714 887 4896
1251 3829 1332 8040 8888 10606 12072 6085 10047 1737 10428 11056 10958 6089 7947 789 11872
1254 2404 4521 1417 794 2816 3652 4585 3160 4579 3809
1259 798 5158 7437 4624 9917 6839 6817 2502 4360
1261 802 12051 1065 2933 906 3047 1616
1262 426 4677 803 10085 12304 4030
1263 5556 5596 1243 2131 4127 5580 2274 2312 7444 804
1269 4360 3942 4580 5084 3736 7948 2390 1852 3691
1271 5008 7638 810 7987 9635
1272 4918 3074 4996 4255 810 10997
1274 8912 7950 6794 1863 10149 812 2312
1275 6242 813 4485 4476 7035 5278 4473 5663 7580 4680 4684
1279 12798 6052 4255 2597
1280 4820 10524 2390 822 11889 5335 6494 3030 1987 6172 5450 2090 7444 2117 3584 3539 9081 4228 4048 9472 3487 4156 1832 3485 5247 3530 10477
1282 7319 2756 1136 5203 7881 6051 823 7009 8236 10521 2632 8457
1289 5256 6777 571 3331 1909 7868 3274 925 4774 5596 2307 125 829
1290 111 1255 1078 286 1003 829 369
1291 830 1902 4669 2011 2569
1295 3927 6481 1185 61 6239 296 1387 6025 207 674 6024 298 2600 7753 1195 2387 2173 689 12011 369 10936 722 7954 293 4546 12764 939 258
1296 343 174 7752 6095 7751 8052 6821 2172 2170 6195 213 8018 7707 2173 937 214
1299 335 1184 2173 1902 1205 2170
1302 1912 2600 279 2387 1695 3459 1323 2981 1371
1303 2309 4979 6003 2718 1035 1034 252 1477 3006 3324 1007 8218 2160
1306 948 4614 12509 739 2932 2530 4710 5076 837 4199 1557 190 1576
1308 10764 1331 846 5036
1313 4955 9609 2761 3187 6060 5759 6789 848
1316 3320 6564 1474 3032 850
1318 5284 857 1267 2349 2746
1319 11585 10960 858 8154 1651
1320 6116 4365 3314 9642 4736
1321 5127 3545 11577 11576 8541 9592 10666 2569 7154 5893 6423 2436 3771 6649 12390 11978 2985 6684 10378 2355 2362 7547 8024 10587 8275 3966 5821 7492 3619 5671 7493 858 1851
1322 4135 4894 1680 859 4022
1327 3808 7537 861 2404 4649 4340 5147 3685 9424 12615 12714 7548 6766 5436 3841 1278 3013 1816 8599 821 337
1328 12518 2877 1588 2419 12439 862
1329 863 8106 2216 7560
1330 863 7840 5993 6087 2117 5572 5018 1620 3488 3489 3940 10196 3487 8865 2689
1331 2747 5879 871 4496 449 9902 7444 5595 3983 3542 6351 12418 8937 864 3129
1332 480 2209 893 8314 1052 1014 3243 3016 5449 1165 7715 3316 865
1333 12246 5939 6028 2782 7620 866
1334 867 2872 616 3625 9263 2096 1453 4186 1123 8215 4477 7152 4214 3757 4650 11628
1335 9140 3524 12396 10073 8023 1215
1338 2273 11801 7921 3025 1152 11339 3631 871
1344 7258 8717 4752 3208 3267 2509 9555 8190 875 6162 6281 5578 6198
1346 6684 1213 8681 8054 991 2273 5640 990 6588 6445
1349 715 1903 279 877 11981 2396
1353 3145 1903 5666 880 11756 6440 6081 2312
1356 2806 11246 3607 10410 9650 882
1359 798 886 5950 5900 2513 2495 2597 8511 8037 5557 5610 3022 1313 6129 1958 870 2498 1024 8468 1965
1365 2309 1567 7340 9617 12065 894 1390 1599
1366 4238 7212 10791 896 5874
1370 896 4283 3649 4293 10863
1372 897 1958 4825 6968 6795 2772 4624 8678 4873 885 7492 2696 3491 1346 1771 6472 12668 5562 6291 3489
1375 1628 625 10393 5299 282 1080 4414 1049 2848 2566 3194 3329 1185 830 9701 561 939 1477
1376 5097 958 738 7900 8164 6180 1899 12094 1409 4733 9628 3199 2688 5126 767 4827 5128 4034 898 5581 4163 1413 2498 8430 6155 6221 4957 11081 6530 2229 1765 4666 8079
1377 1302 2990 216 1889 3778 2930 4704
1379 8065 4511 1401 898 7155 2818 3970
1381 900 2983 2291 5163 5450 6581 7444 818 1545
1382 8570 2491 3827 5536 2383 7156 2469 9860 2038 6016 5646 2852 901 1177
1386 3530 4040 3982 4457 5709 2449 5555 7999 3057 3938 948 903 4055 2273 4161 2128 5284 5037 6707
1389 4836 903 8083 995 3125 3669 1306 1958 377 7999 1929 3402 4126 1401
1391 7911 1599 6155 1826 11562 6412 905 12378 7648 7186 4433 1536
1393 3934 4820 5699 5031 4190 7165 404 11485 6287 12712 6765 4981 7155 7853 2236 2559 2340 4710 11890 4040 12618 5921 6564 3739 4864 8212 7999 8873 4255 3980 1010 906 2631 2293 4772
1396 948 10096 9068 1803 7520
1400 7071 1522 909 2363
1401 910 988 542 1881
1404 912 913 916 1713 1578 5284 2629
1408 8565 2632 1136 2145 913 2397 1877 1146 4686 2475 9449 8039 3243 3067 1076 2942 1500 2756
1412 4111 4463 5339 5997 5996 9754 8087 4520 12303
1413 1327 5597 12238 2244 6831 6527 6821 1060 1326
1414 2716 1324 1007 249 1212 1473 1302 478 2990 921 4669
1420 367 948 151 8164 2026 209 583 1314 5507 1210 4162 1082 1325 1912 1902 1866 11277 1078 561 1079 933
1430 298 1183 294 211 1006 1182 877 962 1326 1004 1079 4252 1035 1009 560 5651 1205 3375 5652 197 5477 1097 1003 2714 1020 2715 5653 1098 1114 1021 2719 1078 1099 1082 1032 1096 6655 939 3229 940 241 1034 1007 309 1327 1033 2505 284 6161
1433 2785 5638 3403 10080 3324
1438 12060 945 7075 3584 7371 8257 5646
1445 5040 1778 948 12072 3096 879
1448 2141 1136 1478 2404 1303 3082 2495 12651 2491 5259 2113 2112 1769 2278 1442 790 2289 4686 2090 2091 3584 9027 2640 7973 2212 9464 1720 502 8948 5611 1604 6389 8507 2215 950 3146 2872 1054 1423 4985 5556 1498 2755 3067 8411 7009 1503 2383 2145 860 951 8687 7137 8552 4069 1500
1452 6697 4053 2269 7464 4045 2143 5686 6576 8142 953 5897 6286 7438 1772 1311 5377 3402 9101 2446 4140 4056 4050 7169 6563
1453 11953 622 5171 5212 4681 953 8444 7862 4684 2559 376 6780 4679 3696 6242 7877 5094 5872 476 3512 5893 3644 473 1896 5160 6100 5155 6837 10832 11471 7247 424
1457 8789 4511 3526 961 1320 3578
1461 2373 3488 6249 2967 963 6805 3320 3118 5815 10172
1463 963 1562 6530 3196 7319 6917 1309 2090
1464 5977 8221 5562 2039
1472 7871 7834 3778 7550 4524 4276 992 10578 970 12655 2019 8370 1082 11067
1473 5863 4088 6097 4172 5567 4797 1996 11788 3333 11241 1024
1478 2569 4890 233 1041 978 1081 1094 136 6832 1096 4511 832 2003 1050 4513 2013
1483 8730 1962 1639 1655 5073 2996 2660 1354 2892
1485 7871 981 8178 4158
1486 1125 3769 9207 9805 7359 3761 982 1726 3314 8617 2628 9263 8608 7933 3685 5766 7126 5765
1488 7118 3934 6288 2339 6493 5317 2744 11703 10574 9438 983
1494 8236 6515 11457 7319 984 2361 7248 9457 3371 7647
1496 4917 988 8908 11955
1497 3002 1918 4323 2437 7616 1291 9447 2491 11135 5646 8147 10112 10762 4817 1173 7024 1456 5694 1172 1168 2756 1220 2992 1279 11513 9446 985 986 2175 2634 989 8693 3325 8697 3422 491 3548 3031 1832 4913 3096 2096 6838 3521 2397 2090 1517 2559 1730 3082
1498 990 3401 9769 5316 5903 3934
1500 5042 4111 5118 5413 1350 4383
1503 5067 599 6941 3815 11857 7430 10513 3189 3138 10512 994 11005 7205 7255 6759 2917 2916 6702 2915 7409 10756 10252 5433 9561
1504 5511 7746 10184 1740 996 3180 4656 9509
1505 1478 8531 998 966
1506 2403 922 999 2695 5198 2691 4610 3690 2498 2417 6018
1507 8147 4153 7474 12485 3176 12214 1000 883 10323 6339 1988 4816
1509 546 309 387 1003 5476 152 1312 725 1316 2386 1681 678
1512 1398 137 6751 1326 3227 6965 2639 1003
1513 5095 1079 1034 2569 4669 213 11786 1325 1340 1003 1032
1514 1003 1205 1695 1323 2720 158 2404 933 1244 1895
1516 833 1060 1050 2010 297 238 1095 2608 1096 6825 582 1327 1194 7752 1049 2372 3466 1114 1187 1094
1517 1326 1004 6 1003 254 151 1159 242 247 301 1477 939 211 461 940
1518 1004 1477 2160 1079 1212 1695 2717 1005
1520 2307 362 335 1404 2930 1004 560 1902 293 368 678 285 2717 1094 1212 1050 478 1021
1523 1313 211 1302 1315 7752 335 242 280 3459 155 1004 153 1098 159 174 1205 1184 1904 2504 2170 1049 246 156 2307 2639 1386 1649 1097
1524 4100 7035 3362 5709 10802 4055 3264 5017
1534 1212 1050 6298 2713 2714 296 1007 1163 1244 1009 1902
1539 1452 1087 6829 2569 448 1011 2013 2002
1541 1012 7661 1395 7041
1546 3536 1018 3044 4203 3454 5146 1704 5333 2754
1547 1018 5064 1347 4973 7197 4767
1548 1050 12350 1477 1006 2715 2173 1093 1049 1205 1092 6829 1099 1114 1021 1088 1097 6195 1190 5788 940 7751 877 1181
1553 8171 1580 2276 6672 10187 9531 1024 4713 8548 9489 1706 4094 8034
1556 1025 3488 10996 9445 7657
1558 3160 7250 8963 7073 5180
1560 7492 4619 4953 6147 4936 4240 7600 1029
1561 3409 1029 12705 3536 6066
1563 2639 2566 1902 2569 1326 1083 1031
1567 1069 933 1083 1387 898 214 1695 1035 246 831 6528 7707 1404 1049 7641 6174 6141 1190 2171 1905 3385 1033 244 4669 7499 2105 1340 1078
1569 461 11901 1095 1035 1082 1388 1094 2602
1570 6024 4790 1007 1034 5042 4512 2525 1035 2065 1032 1326
1572 1315 1082 10491 8018 11130 6528 6000 2147 8021 3980
1574 6221 2844 1036 903 4728
1576 1537 1342 1339 7374 5380 6475 8701 3124 1038
1578 169 5477 10380 2718 7135 1695 1039 2002 3324 279
1580 5477 6825 6829 197 1327 6823 6831 1902 1183 1226 1477 1084 907 2717 1004 1192 1191 347
1582 12338 5507 1041 6427 5299
1583 1042 5160 405 3980 254
1584 9466 12803 3849 1043 3832 870 4611 1891 3441 3140 2819
1586 5400 4107 8418 10636 12205 1046 6030 11322
1587 1047 7966 2639 2998 2532
1590 286 1181 1077 6195 190 877 1905 1205 7754 1050 204 2569 9064 6825
1592 157 478 1069 2373 1034 3193 1049 1697 1032 10163 1031 3025 3054 2389 925 5597 151 12484 6623 4920 10746 3973 5993 190 6403 189
1597 525 7713 2209 7149 7711 5657 1517 2141 1051 4103
1600 1783 3584 1053 1732 4344 2514 1207 1522
1601 1054 773 1486 8346 3689 1217
1602 6806 4896 5578 1055 6630 5614
1604 1059 4852 10400 7946 10629 11137 12244 11891
1605 1063 3915 2463 2549
1607 7588 6944 993 1023 1064
1612 9455 405 1070 4375 5289 756 6614 3366 6480
1613 7011 5193 6133 9997 10745 2083 1299 11282 9263 9315 1070 8196 8008 1975 2635 2708 2611 4558 7933 5055 10450 10105 2391 1732 5636 3294
1616 8557 1487 1075 11431
1617 3900 5585 11510 4376
1618 7720 2736 4130 3537 4878 12531 1076
1619 11637 5745 2933 8431 1078 1010 5397 506 5955 4922 7939 702 993 4728 7204 1007
1621 3982 6831 1080 6502 6932 560 5408 1910 4928 2505 6003 5042 5959 2740 5573 1902 6520 4790 6558 1906 1909 1911 1904
1622 4513 253 2719 3275 3119 6550 5477 1113 1081
1625 5891 1082 7794 10884 1385
1626 10774 1191 2566 1083 6823 1194
1627 2147 8037 6025 4513 6882 1317 1079 2310 8106 4591 3980 1313
1628 1226 3973 1902 2566 1091 2013
1631 1087 2003 2011 6823 2476 4788 1084
1636 6823 1913 12312 1905 1910 2719 1327 1188 1191 1084 1011 1477 1183 1181 1085 1194 293 1906 1908 2715 4334 3006 1902 1907 1904 296 7752 7707 6095 4513 1093 1185 593 6818 2569 1278 1205 11574 7753 2172 1095
1637 3154 1095 6626 1181 298 5377 3576 152 2608 1452 3777 1094 1080 158 4790 6017 2713 2714 6095 1910 1085 156 133 155 296 1226 134 169 256 159 1186
1641 1090 1183 297 137 6831 158 6829 1021 1202 1020 1184 301 1327 1004 6655 1113 1087 159 1182
1645 1085 1327 1095 1188 1183 6823 1187 1226 1089 1011 1326 1094 1113 1205 1184 1185 1092 5651 1452 1182 1186
1649 249 2718 150 5299 1194 138 2716 246 4140 2835 1190 4151 10844 9708 10362 281 282 1187 2517 831 1189 248 1191 10938 2569 1090 4007 4623
1651 5088 6829 1902 1092 157 253 3974 1032 1325 8026 4513 4151 208 1184 478 1035 4881
1654 1181 1184 6341 4511
1655 1091 7770 12089 6698 8943 4449 1093 6795
1656 2307 252 4015 1094 1049 2003 2720
1662 2821 939 4414 2388 1643 1097 1244 6832 2850 941 6341 2566 153 3992 1032 2713 159 157 156 1895 211 6611 5206
1668 1186 4790 1905 1091 2608 2002 1095 1226 1181 1099 1910 1182 1184 1205 1452 1004 1113 1913 2476 1188 1327 1094 939 6823 1183 5882 1081 5477 2717 2013 1087 1090 1098 2012 8073 1088 3329 1011 1902
1669 1383 582 5476 2066 6000 464 4915 6521 826 3459 1098 4414 640 5299 4513 1088 6001 1090 2013 6429
1673 2227 6480 4859 11744 2282 7583 5042
1674 2995 7761 1177 6180 7444 4254
1675 1105 536 9027 3938 5712 3935 3312
1676 3164 3375 4002 4413 1105 1894
1677 261 12466 692 614 265 1881 2135 12649 1342 12030 8410 264 7440 2688 2029
1686 8018 4658 6735 3635 3636 11670 3671 10432 3174 1117 9960 10553 9383 4661 11367 2272 5515 7013
1689 7326 3145 8922 1363 1122 9753 6605 8188 8367 10265
1694 11262 6023 10389 6278 6708 6735 1127 6707 1385 5182 12669 6958 5529
1698 3631 6061 2914 2193 9533 3508 9796 1131 1371
1699 2407 1132 2508 2628
1701 7074 2039 965 7268 1135
1709 1486 5376 1478 2404 8950 8784 1138 1436 1832
1712 692 9253 5854 2495 10381 513
1719 11032 580 1885 1716 1486 1470 1147 1016
1720 4952 1147 5323 12762 9202 1859
1722 7829 1149 653 1271
1723 3819 1150 5026 4862 4864 3219 9158 2356
1725 5288 6588 558 1712 1289 1778 9837 1771 619 1838 1152 5289 6815 8037 7635 6065 6809
1732 962 7753 1183 1812 1182 1088 1011 1085 1084 1477 1327 1326 1090 1205 1159 6823
1733 1695 2569 7755 1159 2504 2717 2720
1738 6182 10357 1160 9907
1740 6987 6413 1162 1601 11275 8149 8106
1742 2569 1090 4255 2170 1088 1205 1302 6195 1185 1091 7144 1184 7752 7753
1744 3243 630 3082 3584 3067 2942 8827 3613 4686 1478 6605
1745 1136 1460 2090 5646 2649 3430 1165 2363
1746 2559 2323 685 3129
1750 4150 5596 8256 1169 9932 956 903 9398 4403 8126 6204 8508
1751 4397 10908 12026 2747 3778 4261 7212 6335 2133 2485 11271 6570 3345 12791 2799 6576 7786 7848 2556 9465 2736 7813 2990 6553 4294 7457 3838 5972 8179 4074 3534 12433 7119 7133 7661 9386 7544 1204 4035 5685 7671 3588 7132 5556 2462 2606 3662 12014 4583 3682 5158 6104 7769 7158
1752 3959 7769 5732 5036 3465 12063 3584 6230 1172
1756 1125 5417 5185 1177 4590 7103 2053
1757 3928 7371 3584 9721 2491 7272 1783 7092 10352 3082 3146 1177 3067 2397
1758 1129 3067 3661 8449 2491 1179 913
1760 1303 3420 5751 4575 2238 7749 6525 359 5573 11225 5564 7158 1180 3245 8431
1761 2160 1039 2602 2601 2308 105 2622 2105 1050 1032 2569 2171 832 1187 1903 461 556 1205 1388 4767 1278 6341 933 2850 3779 5443 282 1097
1762 1205 1182 538 237 448 5075 6667 6646 571 6427 1031 1039 7278 6897 6958 7751 2930 3979 6959 6429 309 6873 6821 4255 189 8218 3229
1764 834 74 76 1184 1163 1188 2387 921 1327 111 158 2002 2566 1090 1205 378 1398 1088 243 1084 1083 248 8243 294
1766 6528 1083 7144 6527 7207 7753 7939 582 1011 8052 1192 7705 6341 4511 6162 1187 8018 53
1768 2296 1189 1190 7045 9453 12594
1770 6687 6701 6098 6708 5042 6057
1773 2917 1190 1193 2718 5112 256 135 4697 678 7489 7231 3595
1774 1190 1315 2569 8825 1436 3486
1778 1902 6000 6195 1315 2013 6690 343 1905 1193 4601 6001 6341 95
1781 6324 10238 10503 654
1782 1695 151 3275 241 939 1098 1193 3450 308 1771 3193 74 2924 1914 5653 169 1159 1211 1190 6823
1783 11832 7634 4655 1195 3405
1788 2397 1634 1379 8126 8332 3504 4028 1200 6329
1791 3428 2404 1478 3584 745 1486 7715 1203
1792 6832 1087 12015 5299 7450 11358 2012 5476 11974 5673 1903 3979 6025 12407 3470 1205
1794 2649 11213 1207 7566
1795 3033 7304 1209 9599 7538 5960
1797 828 1211 2751 3973 1212
1798 5067 7278 6528 153 2171 6527 6429 6748 8331 6024 1902 1905 4511 8218 4255 2011 3193 8052 7705 5959 2105 3119 3229 7939 344 152 1211 4789 6023
1799 8255 1213 3256 1975
1808 4674 6574 1772 5316 1797 9968 4255 10889 1223 3026 7801 6383
1810 2759 4346 692 10416 2979 5087 6026 1224 11815 10781
1812 1227 5264 6085 8206 1906 10458 1911 10845 10959 2494 5118 3125
1814 4236 1229 4162 1797 6487
1816 2553 10537 7933 11649
1817 1230 7936 1607 5842 11814 7689 12517 5953 5327 4164 5127 3927 5715 10695
1828 2524 1752 1241 5135 3973
1829 1822 6151 1891 1242
1830 3504 2914 7584 5924 2633 5369 3630 10974 6331 5441 3994 2485 755
1831 7649 6626 10711 4871 5379 5074 9596 11321 4526 5073 9973 7999 2336 5589 6713 7156 875 6868 8030 5072 5837 9281 5130 2240 1348 1243 2428
1832 8996 8850 1246 6582 12773 12608 8114 4808 1216 898 7187 7283 2231 8135 3506 7940 7758 1671 1299 10038 5833 7214
1833 4802 6570 11653 1243 1246 1245 7464
1834 2720 1244 2714 1695 2715 1314
1836 6155 2574 1189 7891 12671 12681 5334 10331 3214 5988 2575 4269 11907 1077 12613
1837 1246 3734 3935 8180 6227 3491 6098 8106 6675
1843 1981 5251 12081 1258 4880
1846 1793 3958 3890 1261 4329 6658 3167 2494
1849 6277 3746 3140 5590 12613 4442 1266 3112 6630 3319 1007 3314
1851 10395 6780 4255 6028 2262 2227 1531 7720 6974 8037 3903 8468 1411
1854 2623 5656 8267 5555 5712 1428 1274 6151
1856 1275 3477 10655 5284 2021 3539
1860 2044 4468 12037 615 9862 3484 5551 3522 2559 2629 2096
1862 11324 6164 6832 1203 3991 1285 5170
1867 8614 4153 2428 8586 2745 2604 840
1869 7918 5450 3844 4143 4152
1871 1298 7999 12627 7939 5005 6086 6849 5475
1876 2279 1154 3252 1300 1611 9890 6911
1880 3542 9228 1399 3364 2967 1987 2530 2019 3736 3871 6365 1246 983 5284 9220 6441 3281 5094 9914 5912 931 12787 2267 5289 1963 2679 4605 7885 11735 1411 11785 2266 4053 1302 5618 1306 4278 7064
1881 2848 158 1473 5275 1477 1905 832 2566 4334 2713 1050 1909 2065 204 1302 2310 3665 298 1005 169 1011
1885 8817 3310 4255 1306 6364
1886 1809 3195 3240 1307 3361 8856 7439
1888 1308 4481 8895 2060 4471 2420
1890 2816 9955 1309 7519 1900 6355 10639 5562 2967 5318 12509
1892 2273 3117 2474 2423 4202 1873 3923 2767 4203 1310 2048 6559 4228 5284 5712 1573 2763 6180 5449 2776 10767 5646 4534 9025 5566 3710 7345 3024 7999 2674
1894 1154 1500 1486 2468 2335 2397 3663 3696 773 3697 5284 6637 1310 8569
1899 2519 5475 6373 1315 7650
1903 364 5299 2714 6821 1317 7135 286 6832 366
1905 3375 1194 4669 2173 4334 1093 1191 1324 1189 2160 6195 1188 7751 1185 7378 1192 2172 7754 7752 12665 6095
1907 2355 1325 4511 1244 2244 135
1908 1327 940 6832 2713 2569 1326 1317 1619
1909 2160 5075 1021 2504 1049 2569 1326
1913 1329 1642 2967 3194 11702 2956 2966 2142
1916 4158 5108 1462 7776 4020 918
1919 4483 3928 7142 5775 2199 3724 3029 1881 3429 2746 6180 7492 7368 1046 1180 3458 7444 1334 2620 2753 7103 10550 9673 11337 3674 12319
1920 6640 9144 5150 792 1335 5649 8060 7322
1921 6641 4372 12306 3704 5572 2674 3558 3377 11863 1573 3589 7437 1416 1931 9946 4373 4370 2670 1335 5019 11421 2772 5387 9252 3320 6648 3922
1923 3205 3433 7158 3589 817 1335 2124 8897 8571 2513 1000 1136
1925 8001 1452 5175 12276 1549 3963 4158 1550 7770 3689 8372 7612 7931 9208 3173 12039 7862 2815 9679 1236 1337 1783 1442
1926 1723 407 1503 3192 1339 7848
1927 5086 4973 4846 5918 1340 3210
1929 9556 4619 5580 7758 5971 2214 3381 5675 1341 5918
1932 8097 6442 6386 5740 7158 1342 7848
1933 5077 12576 2975 9074 3682 10620 1342 4949 6968 7185 6473
1935 8511 7848 2958 4511 8563 8009 1154 6289 2954 4610 3678 1189 7155
1936 2927 1345 1517 6605 1722 1486 1334 7715 6500 2209 1786 6591
1937 1346 2251 559 3332 3411 871 5037 7880 10524
1939 5233 1350 5994 7368 8335
1940 1596 9232 1647 701 1351 2221
1941 4629 1352 2229 2088 4500 5515 3488
1942 2378 1809 7769 3979 7169 3611 9044
1943 4236 6153 4574 4901 1353 6533
1944 5289 1353 394 10374 11051
1947 1356 7538 7378 6530 5446 4149 6898 4255 6627 7417 5712 10188
1951 12259 10580 10328 10329 4023 9095 861 1844 7449 10839 5011 11326 1596 2506 5479 1153 11069 4932 11031 1361 11026 11491 10206 10789 2508 11068 3436 12132 5626 2507 10323 4257 10735 4769 3834 965 7605 5384 5896 7871 2460 12704 5798 12429 11055 12525 3659 4767 5404 5402 5385 10536 8778 1598 2933
1953 1466 5517 1427 9335 9612 7185 3426 2526 9881
1964 1902 1098 2003 1096 1908 2160 1905 1007 4790 1372 3229
1968 4504 2152 10889 7143
1970 7847 7598 7806 6686 6979 3206 5747
1972 11324 9421 5106 9069 1654 4064
1975 1572 9835 1393 3139 3891 2199 6268 1535 10910
1976 1397 4282 5993 2168 6378
1980 7179 4251 3800 5036 1398 6289 4912
1983 1398 6091 5270 5480 2538 2803
1984 1902 7753 582 286 1212 1388 1398 2311 158 831 1097 2717 1628 1649 285 1473
1985 11781 1399 3112 2281 1993
1986 7442 3777 10984 3362 10316 10989 4217 654 7706 1912 6849 6484 3927 1401 5288
1992 3645 1904 5564 1411 1903 2398
1993 2640 1958 3487 3493 2975 1411 6559 6133 871 5951 1919 2980 5288 5510 3935 6129 3488 3780 282
1994 1479 1411 2696 2946 7589
1995 1411 4731 5421 7474 1423 7720
1999 12656 6635 2756 8186 1460 6581 1478 1783 8092 4166 6448 3046 6086 2640 1413
2000 3139 7769 5433 4072 1413 2281 9400 5157 7432 11926 2571 2230 3603 2963 12819 5070 1797 6271 3955 2229 4392 795 6843 6821 8594 4240 5473 2162 5072 7961 7395 6052 7283 5067 2556 6736 1812 5071 4265 7626 10377 1566 2451 4955 6824 11364 8075 6708 3138 8054 8005 12622 1796 5923 5396
2002 1415 2798 7391 2681 396 1357 6040
2003 1719 3067 1872 1858 3320 1471 1249
2004 160 8399 4807 2276 8687 1418 2959
2010 2145 1425 1622 1522
2013 1762 4955 1425 4451 8152
2015 7500 7769 6467 6004 5464 2776 6375 5040 9060 9294 4830 7513 1426 4728 2126 3994 8046 2967 12389 5895 9024 4973 8666 7422 7403 8091 3537 10217 7382 4387 5683 7598 2206 4649 3504 12112 3192 1283 3103 8005 4669
2016 1427 7247 10468 1034 1008 2717 1486 1312 1205 546 1915 6312 722 1244 3465 138 2947 2941 2504 3856 1009 478 2566 53 127 630 4790 1628 2083 480 2387 2930 461 2491 925
2019 3540 5451 1432 7723 3716 2740 5973
2022 11107 1434 1540 10668
2023 3975 1435 5183 7655
2026 2703 4327 4109 1815 8211 7743 7868 6086 1441 7954 2705 2706 3675 12156 7227 6978 2933 3962
2027 4357 3550 5854 6131 1857 3047 5703 1443 4111 10784
2031 1452 2378 3954 7583 9296
2032 825 8893 2491 1453 10915 1483 2629 1666
2033 2640 4778 4985 9655 5562 1454
2036 9532 8106 2091 2559 3628 3253 9862 1958 5846 1464 4485 5793 9528 1457 7501 2653 4345 2116 2582 5255 704
2037 4298 1458 7444 3140 4286
2042 1498 1500 1783 1483
2054 1885 1486 1614 3082 909 2112 1858 2468 2727 1528 4686 3163 1610 2755 1478 3067 2383
2055 1478 1872 1885 3786 5503
2057 3067 5589 9724 5785 5854 5536 4093 7905 8714 4158 2545 1478 6304 3082 4034 6530 5814
2060 2514 2113 4069 2942 2629 3243 9831 2553 7316 2370 1483 1478
2061 2090 3786 5520 8740 4899 1486
2062 3398 5105 2880 10752 5091
2063 3709 2599 1479 8915 8046 6937
2064 7305 1480 5467 6829 2335 7814 7149 1877 2649 7616
2065 4511 5589 6671 2240 1481
2066 3208 7157 6564 1356 10143 1482 7710 9243 7715 10140 1783 5578 2091 3684 3856 2113 1785
2069 1783 5285 3584 4686 1713 1423 3535
2070 1785 2397 6635 3808 3584 9894 1486 1987 2491 2090
2074 9335 4158 9336 515 945 8453 9334 2132 2491 1493 8710
2076 2360 3152 7636 1497 3995 9047 469
2077 1623 3160 6035 3422 9263
2078 1500 3146 4470 4476 9140 4473 3522 4536 1883 3520 2578 4186 1722 3523 4362 3757 4214 4475 1498 6605 4213
2079 1499 3135 1987 1504 5713 2274
2082 2468 1732 2209 2629 1885 916 2491 2090
2084 5777 1921 2902 11656 10150
2090 2192 2030 6776 1509 7629 4224 1923 1598 6946 1510 2193
2093 3001 6320 2237 10461 2138
2094 561 10989 3979 2248 5751 6314 7357 1696 4747 7721 2599 7589 4794 4492 11638 2924 877 6719 7257 8226 1515 6341 1687 1628
2095 7312 9465 6223 11760 7485 7452 11857 2513 4856 11605 9354 1736 7701 11568 6771 6707 2393 1919 7124 1689
2100 2140 4254 3390 9994 4931 3934
2102 5923 5412 344 3576 478 3275
2103 1139 2489 1522 2491 3320 7009 2514 6635 2651 2397 8220 1478
2104 9156 1720 6635 1522 1604 1416
2108 6220 11514 6559 3767 1527 8785 7908 4929 10016 4611 4575 11372
2113 7227 2839 4587 5161 9351 12072 1587 4754 7868 1530 536
2115 1299 10127 2689 1534 3877
2118 5714 4998 2923 9533 8316 9415
2120 3163 3892 3584 5244 1539 2514 3067 1136 3290
2121 6559 7024 6600 1542
2123 4910 1544 7600 7720 5367 4922 2954
2126 2559 2533 3168 1546 2044
2129 4008 4471 4485 3523 4484 4474 3503 1548 3520
2131 12601 9209 9487 7402 6838 11310 5853 7600 11872 2544 3314 6270 6604 5157 3367 2758 10302 3101 3394 4794 5994 6466 10487 3095 10138 4941 1809 3319 1810 1813 2556 5595 1552 8113 10441 12377
2133 3790 2338 7032 5508 1401 5037 4716 3933
2134 2892 1566 891 6236 9924 8657 3932 1639 11593 5479 5213 3346
2136 1569 3167 8174 3446
2137 3859 1569 3786 4064 3673 409 6752
2141 6410 8481 5718 7444 2437 7157
2146 3879 1579 4219 5783 9109 7587 5814
2147 4722 6535 7975 1581
2148 3209 5581 727 1674
2151 7330 6159 7933 6034 7247 1583
2155 3082 2288 2113 3755 1783 2090 3584 1622 3634 2398 430
2157 3662 5180 10676 8185 1595 12388 6143
2161 4252 5700 200 2273 2933 2724 3606 8822 4228 4017 4844 2797 7681 4504 3362 7656
2168 214 4182 4840 3786 2488 2976 2402 735 8841 12142 3025 11729 8431 2196 1270 4627 10730 4520 2273 7405 6660 1610 1083 7870
2171 6357 10830 8216 1371 4000 4747 2188 7499 1615 3456 7085
2172 899 7723 4174 8104 3629 6730 1616 3326 12601 5029 1641 4820 5465 7580
2174 7664 7681 2244 12102 11492 2014 12527 6694 12110
2177 6355 4525 9947 7689 3348
2180 12771 7723 3208 5954 4459 1623 3877 10447
2184 2677 12304 4180 7609 5294 1627 5887
2185 1144 3024 1732 8190 7092 5819 6927 1628 6918
2186 5390 1629 4425 715 1005 7770 6748 3426 10202 6351 4554 11999 10685 2981 3490 7192 3006 5976 2482 5889 12521 538 8018
2193 9699 923 1636 6939 9230 1105
2195 88 4723 1638 6297
2198 3350 3058 5684 1642 3120 10889 3403
2199 1642 7197 8091 3685 10783 10793 4046 6549 5595 11458
2200 5914 7263 4869 6471 1644 5408
2201 5433 2660 3139 891 8002 5157 6736 5068 5071 3815 5073 6689 5070 6769 2154 4240 2210 3383
2207 3884 3314 4210 6268
2212 5710 6131 6468 11362 1395 1658 1901 11893 5410 11771
2214 2444 1661 6223 12120 683 10858 4104 7250
2215 6415 5302 7535 1663 8106 8108 5390
2216 1664 4708 4033 3654 2769
2219 7625 1667 3270 5146 5335 5136 6952 5342 7142 2374 2653 3536
2220 8216 1082 1388 6896 299 7805 6427 4845 8026 6431 5036 6003 4546 6341 3561 5651 1671 2566 939 1327 2160 279 5275 6897 1035 1326
2222 4572 2080 2900 4559 7541 8422 12160 2747 9466
2224 1675 5270 4597 4596 3393 4593 4595 5468 4962 4599 4592 5725 4589 5723 5728
2226 12146 5394 4378 4231 4339 6569
2227 1662 11198 4971 8571 12166 4774 776
2228 1479 6410 2927 3679 7157 2439 2437 3645 6592 6591 6347 2397 5212 5294 12177 1679
2230 1687 5660 8159 7598 5220 7806
2231 10229 8089 5291 5509 10435 4620 3468 4654 3120 2209 6357
2239 4052 4040 1398 4056 8332 12003 11758 6085 1696 6086 6042 7616 9973 3935 6281 9463 7720 6484 4674 2273 1654 7689 5427 2063 2696 2268 2914 6187 9515 4457
2242 5599 7436 2294 1698
2245 4606 11212 5695 8960 9658 4342 8967 2922 1703
2247 3108 5348 3399 4038
2249 11614 2330 2136 11734 7894 6435 4756 3165 7140
2254 6389 1221 1971 5045 1713 2559 3584 8871
2258 6237 5775 2489 1724 5992 11760 7559
2264 1120 2211 6463 7280 10698 2426 1732 3373 2425 2424
2265 8196 4362 9514 7201 1735
2266 4138 5211 7277 7490 4141 11467 2854 5917 5399 3861 1739 10185 4987 2237 7709 10115 5223 5276 3157 10942 9277 10928
2268 4418 1744 8053 6533 4660 5393
2269 9139 1746 4570 4735 6688 7635 1932
2270 1873 2777 1748 10524 8299
2273 6868 5744 1474 12286 1751 3934 4975 8563
2274 1752 5134 2276 4476 3129 10002 2420
2275 3156 4172 2132 2133 3226 5134 2992 2489 3256 2854 7186 6796 1634 5511 1752
2276 1164 1173 5247 5249 1753 7725 11764 11010 8230
2277 2684 5713 4255 11655 5563 7437
2278 5602 3406 2937 11563 12255 9587 10337 3145 1231 1756 3716
2279 3682 7720 3925 7438 1657 4534 9060 8334 993 8766 2339 6152 9499 837 8283 4126 1774 905 9237 1958 295
2281 1757 4851 4910 5537 5610 11418 5562 5571 6180 6451 4418 5731 8037 5050
2283 5086 5540 6815 1761 9561 7529
2290 8363 3208 1220 1783 1849 1052 2755 2756
2291 1771 4638 10465 5288 1958 3768 2522 6806
2293 10245 5939 3314 4625 10906 4672 1771 3899 4132 9997 2914 3979
2295 7030 4823 609 4148 6931 1340 2420
2296 6193 1323 1895 1776 10418
2297 4214 3520 4669 3129
2301 5284 8552 3453 4834 969 2149 790 1875 1785
2302 7092 1786 7444 7407 2049 10710
2303 4955 3947 4624 10289 7907 12077 3141 138 4823 2843 4493 1859 10457 5474 6375
2304 1833 1340 4073 11305 3686 1787
2305 1703 8206 2193 1787 6004
2308 1929 5683 4182 2488
2309 6405 4379 4384 1796 4374 8828 1190 10040 8082 609
2314 6242 12603 6497 9543 8867 1798 12192 7063 3310 4704 2582
2315 1799 12388 7240 3294 3154 2238 2983 4540 7862 2966 3787 2211 6203 7720 259 3436 11644 7014 1677 5158 7204 4231 5396 4282 10722 7441 4892 5595 6985 4285 7480 10842 3685 7168 7556 5317 4896 4949 2273 5127 4073
2316 993 5918 2157 6662
2318 3170 3415 1585 7967 2894 1808
2319 8562 9453 7266 6461 9315 2338 1810 2309 2352 4255 4626 2273 11777 2203 3027 2127 3737 3605 1399 6570 4161 6868 4251 2339 3367 4051 691 4184 5378 5106 4191
2321 6011 11130 6288 7992 7770 5665 6014 6703 8156 1811 7303
2324 280 4669 2566 2011 1159 1697 1909 2002 248 689 1812
2325 7202 2394 10819 4894
2326 7720 5555 8132 8512 4067 1425
2327 7417 3319 517 2163 2431 4102 2290 3761
2329 11405 1819 2498 5577 5692 4111 5614 5947
2337 8525 5646 4781 6806 7813 2967 1825 7065 4844 692 2662
2338 8038 3477 6686 2525 3987
2339 3648 5186 11562 1827 8402
2342 2833 1834 7122 6391
2343 3254 1835 4383 2831
2344 4372 1155 6180 6965
2346 9654 2756 7012 2090 6638 1839
2347 3612 2089 2063 12133 6227 9826 4334 2252 4040 10547
2357 1845 1914 1972 7519 846 1909 5060
2358 4953 2902 4432 5028 8826 7600 7720 4955 5740 7690 12356 2520 1859 4493
2362 1867 7062 8030 5965
2371 9845 5699 7430 1876 3404 5190 5137 2103 2447
2375 5987 4511 1879 7547
2380 4025 2614 5776 8106 7583 12195 1232 9206 9483 3212 4755 824 4085 7452 10619 4629 3592
2383 3339 1892 4955 9218 2660 11359 4511 5924 4240 8401 6868 11700 5067 1009 11992 5595 6701 3337 7335 5153 8774 9904 7103 3398
2384 4807 6579 6100 1997 7500 2240 9450 5288 9692 5501 4960
2386 11410 10597 4359 4467 10052 10050 8581 5189 7031 3168 10599 10051 5788 1897 7245 4468 721 4186 3757 9642 4466
2389 3059 6287 7140 1899 4187
2394 1903 4890 209 461 300 4513 4852 1098 1905 832 3186 1913 6420 3980 1097 6298 1906 307 6831 1914
2395 7755 2569 2307 2717 1905 1007 1388 3466
2396 6821 1098 2622 1911 111 1327 7755 1906 715 1181 5477 1186 139
2398 1915 2566 1908 1327 3119 5652
2400 1905 1473 6431 6195 1907 1910 4790 1902 1212 5075 7752 2173 2172 6427 7754
2403 1049 2395 1079 1912 1919 1327 3006
2408 6151 7993 5646 7157 3700
2409 1247 660 859 1399 954 688 8332 766 3355 9702 8626 4624 2855
2411 4091 7539 2775 5709 2773 3070 997 10399 991 5515 10593 5686 2513 1919 10725 5501 7277 6053 10166 3934 3404 6573 2057
2416 4764 6795 10892 12106 1923 9359 8658
2418 3631 726 7199 8602 1928 6530
2419 8035 6578 10533 6085 2327 3881 3742 5631 6353
2420 3174 10779 3534 1634 1929 3023 5326 3558 4856 3044
2421 5790 7367 10970 10236
2427 1939 10949 3500 2215 7876 6545
2428 802 1294 557 1941 4176 6482 883 5134 3947 11503 2756 3486 7223 11502 2578 1949 12837 1832 4674 3955 10688
2431 7853 11287 6169 2566
2436 2206 4190 9561 1956 5980 7197 12052 6530 996 2914 6061 9238 8732 2526 2276 12076 3685 5085
2437 3877 3488 4430 10940 3489 9052 1165 6452 3493
2439 2293 4113 5034 8121 7452 3761 2188 7935 3685 5662 2322 4554 7919 7939 8673 2206 9321 5709 1407 5053 3942 10709 2187 4971 7007 1958 6362 3371 6579 4956 10056 7720
2443 9341 12201 3376 1961 10990 4649 1909 7312
2444 3375 1963 4619 3665 3676 5294 6068 464 5469 3979 5182 6100 3040 4511 2566 3371 4180 4255 2915 719 3370
2446 11756 4255 8157 6609 5064 3779
2452 4309 5928 6648 4259 1527 4823 9885
2455 2588 3096 1474 1984 3487 877 6596 7055 9115 7862
2460 2483 5686 2747 11519 3693 3897 6088 1990 9780 7955
2462 9745 9040 5537 12390 1162 8151 6798 9309 4770 1992 11335 5796 5029 5675 9471 7945 11027 3087 5567
2465 1996 4728 2018 4073
2467 4513 3198 9759 3788 6628 5037 4779 1867 6513 6530 8030
2468 6950 2000 4099 11278 3685 1657 5301 7081 4610 5106 5950
2470 1851 4542 2619 2617 4382 5752 2004 7931 9835
2473 978 2308 1184 3665 2010 1090 3672 3853
2476 5734 4860 7480 3238 6031 5610 4037 5700 7444 2696 11298 5937 10687 5785 5736 8053 1319 3682 10662 4284 2640 10472 2011 3788
2481 1294 10954 7511 3004 3469 3736 3381 4174 11533
2482 2420 5531 11584 6244 6014 2016
2485 2825 9785 2018 4923 1861 6600 6876
2486 2967 5684 8493 6940 7168 2019 8192 7806 3314
2492 2025 6524 11778 5444 5552
2496 6279 4983 2033 6437 5279 6553
2497 5260 6474 5828 5985 2035 3106 6713 2270 2057 6286 7540
2500 6580 9985 959 2040
2502 9583 11540 3010 3204 2557 9790 4741 2558 10146 2041
2504 5481 8303 12337 1523 4122 871 4867 5246 3938 4558 2672 10773 5284 2042 4610 4613 5482 2495 2498 10633 9352 3196
2511 5255 6129 5288 5598 5601 2737 3582 2053 4182
2512 5555 7266 3348 4535 4051 3418 1931 7290 7813 5656 10344 5181 6400 5712 3027 5686 2054
2513 466 2776 2054 5562
2515 10872 12291 6934 6916 3705 3322
2520 4979 4669 4790 5334 6023 2930 7752 6537 3375 1697 686 2170 5088 7751 2065
2521 6821 6961 4513 6001 6829 6000 5036 4414 3054 5443 2066 6896
2526 2512 3147 3293 12448 6976 2072 9849
2529 2181 7862 2900 3060 10616
2531 5550 9562 5352 6395 7939 11008
2533 10654 4335 2495 2188 10186 2087 3877 4125 3644 4511
2535 4854 11096 7883 3946 1296 5209 945 3786
2537 2369 8437 9906 8414 9770 9771 10182 558 2091 1644 9121 1934 7350 1672 9468 7156 1174 5291
2539 2892 5117 7030 6894 6771 9041 7100 2092
2540 870 1144 1766 2273 3488 8104 2708 2702 7678 2093
2541 3521 2652 2096 4364
2545 7358 10425 2108 9875 7320 357 3324 9952 8516 10376 1970 1286 4416 11237 9964 9340 8464 7126 7667 846 8467 5770 8165 11203 2911 4377 11235 4715 9600 6913 8691 9017 4003
2546 7342 3392 5861 5723 10704
2547 3213 5287 2570 2110 2072 7708
2549 8846 5764 4934 2114
2550 639 7203 5040 7142
2555 2126 11422 2816 10687 8103
2556 2126 3032 2252 11967 12788 7519
2557 2126 2635 4542 6724 5020 983 2960 4972 5231 2236 2275 5268 2975 4728 10693 10577 2372 3685 4621
2559 3091 6967 7048 7720 2126 5252 11861
2560 2176 2339 2538 7993 2132 3081 3938 7247 3979 3210 7444 11091 7814 2236 5600
2563 12021 1323 3470 4915 6155 11366 210 2196 6190 6213 8243 1912 12522 1195 5235
2564 5637 5422 3561 6308 6287 2137 9669 7784 10455 5601 4654 6415 5596 7644
2566 2141 2491 2470 3614 2112 3664 6638 6780 9353
2569 5425 3411 8354 7684 6337 1508 2149
2570 8369 5887 4873 2151 2526
2571 5942 12092 8024 4099
2574 8939 3694 4649 4163 5992 4305 6769 7657 2156 2501 5778 4158
2575 3601 2266 4956 4930 4964 4890 4844 8106 8143 5700 1773 8818 7631 10948 12124 6578 9876 4324 7519 6673 2159 4145
2577 12647 9789 6090 3542 1125 4547 3808 3067 1787 3584 11014 9458 11681 7750 4712 9360 10815 3613 2650 4831 2161 6955 7935 2378 5598
2584 2614 4116 9128 7121 5999 7120 4093 9483 6383
2586 4673 7526 7613 7891 12302 2503 1413 10738 2178 3932 6069
2590 2183 8039 7919 2196
2591 6355 3709 7394 3319 3736 2888 1677 4256 4549 2183 8041 7940
2592 8977 2549 2185 10823 5298 10957
2593 8082 11370 7560 11778 2564 2365 2193 8360 2187 10101 12224 4659
2595 4773 702 3750 3749 6525 3994 8037 7654 7634 6526 3748 7365 3747 2381 11440 6363 6524 2073 4716 5397 6523 6771 4719 7523 10743 3816 2188 6666
2596 1020 7755 1044 6048 5477 1060 12432
2598 12476 8505 635 6255 227 6149 662 1626 661 5723 2726 11127 6882 2194
2599 5980 5621 7482 4437 2829 5638 7588 7993 2196 5390 6375 5889 5556
2600 893 9659 2370 3129 1825
2602 7197 3537 7720 2202 7209 5397
2606 5649 6947 2203 8037 6806
2608 6934 2205 6004 10641 4501 8164
2610 7057 7989 2206 4445 3631 7829
2612 3103 2721 7993 2202 7374 2635 1423 3685
2614 7749 7444 3109 7595 8809 8212 2209
2618 6374 4887 3216 2847 2211 3212 8742 8033 4649
2619 4902 479 3355 5584 2213 7077 3144 6375 7499 4444 4624 2933 5072 11848 2556 7600
2620 2729 6069 4433 2032 2215
2622 8885 7932 3155 2065 2220
2630 5481 5244 3081 2227
2631 7478 2229 7382 4255
2634 2929 5317 5396 3934 5468 4865 2233
2635 12763 9954 3962 11607 10024 11092 6659 11864 11682 2676 2235 7310 5998 5579 2962 1055 11640 5583 6710 6550 1854 11562 10212 3160 1739 6680 12582
2639 9847 2236 394 5020 3350
2644 9667 6180 5852 2240
2645 5555 10172 1829 6950 11496 12052 4192 9970 5539 2240 6487 5712 3831 7542 6114 11691 6952 6115 6474
2647 6404 7999 6491 7474
2649 2240 3923 4832 5432 6633 4191 5601
2650 2347 4007 1867 6003
2651 11372 7627 4973 6713 6578
2654 6168 10620 3673 3254 11299 3604 2245
2655 4380 10408 2248 7430 7661
2656 4929 2248 6893 7044 4923 5190 5047 3204
2658 5769 1631 8018 5903 12230 3059 6385 3112 1640 7341 2258 5229 3718 1632
2662 5626 2268 3258 4219 5045 10092 3024 5718 2891 5687 7374 2741 2579 4843 4820 5083 8182 5557
2665 5785 3096 3588 6080 2272 4314
2666 1247 8192 4190 5542 3943 6434 6454 5087 4987 3979
2667 3050 2272 11647 5076
2668 4394 8194 12630 10346 7742 3425 3489 4038 10339 10837 6383 6487 2056 3487 3855 5266 6980 4637 2273
2670 278 151 1311 10725 8471 11285 5951 3118 2445 4508 831 2273 2635
2674 7541 4610 5284 6815
2677 6396 11825 2561 3689 2273 8201 7908 2960 11052 7938 5150 1056 8005
2680 6588 6390 6967 6118 8183 7648 7908 2275 5804 6558 6496 2892 4826 7373 3198 8132 4955 4720
2683 2975 8177 10785 3214 5515 2279
2684 2195 3493 2811 4076 4534
2689 4990 2292 6761 1811
2691 2686 2685 2295 4087 2442 4930 2276 1257 2326 2689
2692 3515 6478 8217 2296 6245
2695 3327 7770 6172 2301 8037
2696 2756 11529 2301 7720 4670 3292 3040
2700 4444 6342 5570 11833 2309
2703 8212 5812 7939 5289 4172 4071 11680 12593 4821 7185 6304 7141 3462 2308 6722 3314 5613 7701 2312
2705 133 834 8605 5443 2714 2313
2707 2315 7053 2354 4698 1749 2999 9429 3420 2201 2218
2708 3000 7860 5396 6133 12450 2316 4978
2709 2431 2244 752 250 9438 933 282 281 2573 2318 77 10482 1055 2581 300 6992 11279 169 130 6549 214 258 2930 4727 9384
2710 2420 2319 4049 8593 1332 4074
2711 2513 5080 10549 4148 3332 9942
2713 7578 1308 2323 2060 4682
2714 7444 5590 2372 9046 2323
2718 2450 2338 2444 5396 11278 5583 2451 1709 3220
2720 7297 2444 2340 2702 6129 9062 2933 2427
2722 7482 2342 5224 4580
2723 8286 11959 7720 2344 5244
2725 754 3163 2578 2756 7533 1460 2349 2662
2726 3341 3160 4229 6581 2351 7094
2727 8679 3410 3261 8214 12164
2733 10443 10444 7015 5098 5721 6179 2371
2738 6195 2386 212 242 5650 877 422 640 2367 249 464 5042 211 125 4334 250 941 240 3371 245 3370 6821 674
2739 12152 5394 6803 8080 2389 4759 3440 7440 10146 3806 2388
2740 5650 2388 1098 2476 1097 258 1812 8257 10679 718 2504 4301 233 1327 593
2743 5572 2395 5562 7862 6448 6784 4368 3315 4513 11379 4537
2745 4683 165 2397 1130 2822 650
2748 2397 2491 1988 1154 4562
2754 7007 6531 3761 9113 8402 4674
2755 1808 3727 3786 9146 7126 2403 2800 2614 2784 6270
2756 7615 7292 8618 4777 3155 10844 4873
2757 896 9393 2404 6185 6893
2758 4777 11245 1302 2404 4411 4560 7096 3071 11176
2759 10287 1189 7182 2734 2408
2765 2420 3757 7062 4478 6389 4186 11112
2771 4621 680 11612 2428 6843 2371 6790 7616 10843 8137 7270
2774 2436 5442 7154 6627 4151
2776 3584 2991 4472 4478 3387 8582 12573 4213 3628 7714 7715 665 2346 287 3519 2439 615 1517 2091 3522
2779 5355 3928 2746 5199 2682 2683 2461 3931 5854 2686 2442 6530 5498
2781 12268 5378 7232 8089 6987 10404 3925 4706 11812 2446 6011 6073 3109 6576 6922 10323 5284 7474 2269 3361 4056 4191 6454 5795 6177 4050 10976 9969 3938 9940 11903 11239 3402 5336 4844 12761 11351 11853 6960 5686 4028 9727 4113 12441 4298 5943 12251 6286 7595 4053 10256 10212 2381 12143 4076 7813 7689 3331 10966 3356 12524 6563 6038 5643 8176 2382 5897 4829 5291 3790 6494
2783 1958 2026 963 7620 7374 3035 5656 170
2784 3839 6139 4858 1230
2786 6826 7320 2457 5211 8874 5885
2787 8149 5272 11150 1236 7849 2460 6530 4255 10248
2788 2461 2554 6242 4807 1679
2792 394 8231 4408 2477 6881 7011 11660 5094 11772 5173 4777 11702
2793 4773 2479 5404 11368 5403
2794 2480 12056 5855 6630 2281 1912 2108 6375 4493 7530
2803 2640 3632 3942 2491
2805 6832 9170 11401 7158 4955 2720 2496
2812 8534 9624 11145 6933 7244 10196 4158 8149 3004
2813 7625 6180 2513 2672 10306 5557 4534 9861 7769 9189 4538
2818 4560 12390 2519 8124 3860 7800
2819 4184 11753 2519 5037 5018 4251 4866 12618 6151
2820 5606 7480 1231 3736 5040 2701 2706 2082 2705 3302 9836 12191 2519
2821 2523 8274 2892 4331 5839
2826 4910 5685 5564 2026 6923
2829 2535 8734 8424 2534 1639 1859
2830 4105 2361 2536 6390
2832 1448 3640 4436 3577 7303 7583
2835 3865 4463 2548 6548 5710 3989 10013 4267 11590 6726
2837 2167 6485 4769 1601 11043 2551 5965 7384 3204 9269 10584 3666 5320 8164 4365 6868 5550 12363
2840 4955 1851 2556 5396 3326 7087 9689
2841 2569 5289 11512 6513 7720 5284 4190 5243 3691 2556
2847 6776 3629 7634 11705 2560
2849 3657 7644 3855 7862 3486 2564 9736 3112 2606 4728 3748 4605 3487 5397 2855 3493
2850 3001 2011 2313 1911 1371 2566 2717 4669 4131 6003 6023
2851 2567 2055 6959 700 6341 5088 11894 2622 6520 6860 5127
2853 3077 2653 4605 6069 11296 9813 4799
2855 9107 8232 11143 2632 536 1147 2491 8891 3928 1023 529 2578
2857 2579 5580 3925 7763 9581
2858 1401 3355 6288 5675 5288 6206 2580
2862 2638 5397 9465 2590 2181 4511 4498 8226 5871 2918
2865 8079 2598 4044 3312 3346
2866 11885 4436 2603 5583 3110 5842
2867 2605 2604 4807 1177
2872 6081 5972 9620 5605 4384 9765 2619 990
2874 12416 6723 5789 3426 12770 11059 10586 4152 12680 454 2843 5415 10154 8165
2877 1624 5134 7317 2630 3578 7012
2882 11104 6262 5391 2640 11713 3749
2883 10731 2640 5908 7661 2396 6868 5871
2886 8935 4612 9958 12503 5813
2889 2651 4122 10398 5646 3486 3584 3108 7009 2772
2895 5194 4184 10725 3401 2039
2897 5024 9868 2772 1636 2672 10893 2992 5578
2898 10831 4842 11194 2674 4202 7531 9665
2900 5289 2975 7554 5511 2681 4371 3526
2908 5604 7624 7343 6043 4825 2698 8592 1134
2911 2705 5717 12613 7733 12701 1859 2702 9963 5698 9166 2707
2913 10143 4152 12509 2708 2275 2692 3934 2686
2915 4255 11637 3850 10806 2708 7779 4248 4256 4511
2917 7060 9977 2710 2921 6466 7877 10206 7770 5054 7194
2920 3749 6491 2715 6707 7770 7769 6340
2921 560 2715 6829 253 6821
2922 5291 9934 2716 3020
2923 3925 4787 1903 2608 6748 2717
2926 2718 4013 2312 1643 5088
2931 11043 3036 5092 2888
2932 5638 5700 8223 2728 9918 3482
2934 5846 8840 1536 9556 2733 5477 8843 11022
2935 3991 7501 7412 2733 2092 5550 898 4425
2936 7438 11180 7055 6251
2940 646 4693 11377 7444 2745 9344
2942 2747 3249 3268 5269 5892 11904 3493 11947 3033
2943 4969 9634 7065 6070 2747
2944 5628 9148 3096 4182 5786 7011
2948 3082 1123 2755 9814 4686
2950 5991 5820 9096 5005 5150 9212 6356 2768 738
2956 2975 2775 2966 3785 3681
2957 3048 5236 2240 10371 644 8195 2556 5948 1069 5991 10156 10945 1573 5571 4462 2780 9268 1577 5388 11189 2777 2764 9666 4054
2958 6129 4255 4534 3173 2674 7013 2780 2775 6931 10143 3877 8585 1411 2773 10558
2959 2785 5471 6060 6441 7052 4190 1016 2227
2961 6595 7466 3476 3234 5857 6269 6597 3477
2962 3556 7084 7812 4150 5601 4255 6026 6711 6514 6464
2963 1132 5638 7745 6105 2792 12383 3544
2965 6574 8063 6494 5564 7993 5318 6487 7813 6739 6177 6451 5289 6795 7118 1222 8820 1959 2404 10187 3935 1634 4184 1612 1975 2771 2689 1072 3320 10450 4920 2797 1726 5515 5521
2968 9137 2801 2802 7847 10261 11258 8219 4146 11259 6732
2969 5076 7046 3674 2803
2979 4940 11977 5681 9438 9413 4057 2268 2839 6480 6490 8065 4513 7277 7999 6206 5595 5772 6288 12252 2128
2983 12620 5284 11865 2843 7874 6180 5157 4993 6542 4240 5571 11476 5577 7545
2988 3928 10451 4153 2853 3387
2989 2165 2854 7008 12340 10074
2990 6225 6133 7618 4255 10663 5852 7993 8924
2993 8183 8054 8109 2861
3000 4296 8497 2876 3446 3502 4552 5421
3001 6605 10495 6944 7505 2877
3007 4116 5307 7125 6194 4624
3013 2903 10679 4328 2039 9604 4681 4129 7283 9888 11397 4827 5082 409 11553
3017 6461 6815 4206 3362 12242 2910
3018 2057 6925 11081 8628 4504 6455 5024 11809
3019 6789 5521 3496 12044 2913 8038 6111 2829 7720 8008 4728 7331
3020 3979 6587 6729 4174 4150 3976 2914 3311 7723 3888 9573 4095
3025 6963 3799 2915 1547 3324
3027 743 7993 7522 4313 3084 6328 2920 3090
3032 8216 1385 2930 3330 1089 1050 6667 4788 4787 1184 1181 2010
3033 8585 4941 11831 5787 3486 2989 10904 2933
3034 8664 3486 972 973 4135 4138
3035 3145 1340 5930 12438 3561
3037 7585 6330 6549 7654 2943
3040 5891 3145 5888 7070 12203 10382 7388 2233 5809 3991 4111 12664 6651 6704 2949 8913 10586 6427 9012 11335 11469
3041 4914 4240 8195 8003 2951
3042 5816 288 5291 10212 9638 2556 5939 479 6039 7720 9480 2955 2598 3196 8644 8791 6132 5586 2960 8133
3044 8016 6287 7848 7731 6484 5378 5255 4512 5133 10805 2960
3045 1411 4091 3849 4127 3935 2960 3934
3051 7062 2972 10046 6635 2822 7326
3052 4685 2973 8213 5288 7888 3696 3697 5014 6242 4654 4683
3055 6745 9374 4832 3864 11411 6784 3919
3056 4633 11918 2619 3582
3057 7272 2978 7615 3206 9740 2756
3060 7366 3081 7291 2992 3685 4519 3037
3064 3015 8132 7867 12369
3067 8403 3367 5724 3023
3068 10274 4957 4342 3024 6081
3071 3028 7182 6030 11376 10831 7724 7811
3072 2398 1568 7009 10032 3029 5248
3076 7567 6796 3036 6644
3077 4528 7009 7245 3037 1880 2468
3083 4816 3253 3047 10826 4497 3133
3088 3059 5744 3925 5924 4056 4734 10265
3089 3979 6318 3345 6232 7720 11982 5419 6559 10882 3066 2614
3093 3734 3069 5864 7468 3930 5926
3095 3938 9855 3073 5593 3150 1737 6180 1411 5510 9639 2471 751 2276 3493 4281 3490 3488 3796 8083 5236 3764
3097 3582 6999 9077 1426 5750
3099 5226 3085 10790 5901 4926
3100 6630 11846 3086 7609 10033 6198 5889 7600 8019 12656 9926 2914 4240 5464 12497 7447 1642 11778 10944 8644 2117
3102 11006 4929 2082 7158 3088 7612 6600 3925 3588 483 6040 4734 3642 7173 7420 3207 756 4646
3104 8030 7227 7959 3675 3897 8056 3095 1727 12672 4701
3106 6512 10108 2556 10721 4144 7432 7248 2259 2209 5899 5981 4941 2931 4805 3372 1892 5564 7648 3099 9973 3339 6970 3198 10197 6155
3109 7158 7087 7492 11840 7068 12319 12650 1043 6370 4983 3735 3107 3752
3110 4558 3108 5354 4104 2614 4255 3149 4514 5700
3117 1222 4255 3745 8486 3937 3114 580 11131 990 4253 2272 4920 11710
3118 12095 9937 7186 11960 6447 11450 4212 3118 2132
3123 5042 4255 7583 10995 10538 10539
3124 8177 3908 3125 10130 7069
3126 7080 7468 5174 5054 5336 350 7181 4068 11623
3131 6554 6781 7619 3130
3136 5140 4859 10791 10777 6918 6866 3144 3406 2395 7380 12571 4554 2778 4874 11936 7123 10988
3138 2606 4226 7540 9974
3143 2737 3727 3156 4889 8920
3145 7303 4255 2943 4131 5597 8037
3146 4853 6530 12559 3160 5941 3336 4057
3150 1478 2090 8950 3664
3153 5284 4930 2204 3191 2963 2779 2634 10458 7644 4434 6133 2519 4489 3970 6824 3691 4534
3156 11744 10092 6751 7538 5031 9711 3804 6470 10932 6051 7094 3199
3158 5153 3205 2210 3573
3159 1426 176 11327 7090 3973 6069 6655 1937 249 248
3162 3213 5732 5731 10124 5734
3163 3824 3219 9936 2747 8344 7303 4493 6361 9411 8200 8524 3504
3164 1668 7436 4005 3220 386 5224 6625
3166 9604 6242 2059 3226
3167 5564 7111 3228 5039 10987 9547 2542
3168 8009 7238 3229 5467 1936
3169 7388 7483 2259 9237 5564 2688
3170 1149 3315 6180 2274
3172 6594 6357 5681 5284 4159 7673 2967 3239
3173 3240 5696 7649 12744 2631 5374 6303 3306 6360 7689
3176 4198 3251 4199 5274
3178 12118 2937 4440 9693 7081 10078 8635 6564 7692 2072 2075 12729 4872 10438 5481 7616 5419 3691 3262 7513 6204 10155 4144 5029 10366 790 3677 10128 4624 4728 5053 5480 6440 12242
3179 5134 6232 5993 4256 3270 6400 5564 6932
3182 6796 12807 6969 3277 2740
3184 4947 7765 11703 12797
3185 3240 617 4213 618 5987 3840 4487 4476 2696
3186 835 3289 3413 5186 8874
3187 9557 4765 10406 6782 3291 10703 5515
3188 6724 3297 5044 6079 8164 6402 4511 3685 11834 5572
3189 898 2967 577 6326 1230 8193
3191 5736 7720 7345 10963 3301 6623
3193 4744 4856 3303 5990 4677 12084 6989 6123 6121 5706 4464 2765 10223 8926 4456 11264 8474 6857 6127 10662 5961 4514
3197 3314 6999 7205 12777 4542 7299 9713 5727
3199 3319 3314 4118 5888 5890 9073 7583 10809 6811 7431 6673 4046 6931 10158
3201 5242 7120 3527 5241 6282 5594 6215 5490 11227 4844 3319
3202 6827 2785 4980 8142 11412 3319 193 4255 3924 4794 4328
3203 3938 8173 7688 3925 11239 6726 7999 10288 11795 3320 6398
3209 8999 4618 6891 3339 11707
3214 10532 5224 8280 1667 5292 11164 4235 6006 3345 6955 11976 4417 2187
3215 3345 5833 7159 4431 6090 12124
3220 8005 8018 4111 5146 12511 6359 3355 7138 11828 10413 3926 8190 6329
3221 7067 5709 3364 8970 8190 10928 7862 3362 7504 6286 7118 7583
3228 46 3387 7373 6968 2975 9982 4807 2653
3230 2439 7715 7711 10086 3387 5646 6500 9721
3233 3152 6198 5120 5037
3235 3422 2357 5689 2343
3236 6830 6009 3934 3144 5293 6067 3401 4332 3396
3239 5757 2281 5304 5969 3398
3240 7482 948 4111 4851 3401
3244 3409 9095 9285 5262 7098
3245 2271 6096 5134 3411 6477 4190 5510 1200 8501 4886 6530
3246 4113 7592 6064 5511 3412 6307 5186 3169
3247 993 4190 1401 3125 1186 5605 2253 9726 6288 5293 3401 1912 3680 6825 3375 2314 10340 6926
3248 7411 3417 3584 8929
3252 2037 10935 7101 312 853 262 10554 7723
3254 3883 394 10853 3425 7070 7724 11507 3784 5393 5426 7065 6795 5149 7044 2033 7939 2498
3255 5170 5610 11572 3428
3258 4940 5367 11452 4057 7935 7862 5598 6281 11755 3437 4187
3259 6026 7736 1812 6488 3446
3261 5511 6129 5284 5564 10529 3443
3264 5571 5508 3457 5562 6805 10619 1740
3267 5567 9591 5238 3868 3471 2582 6362 4961 5239
3270 3488 4578 3333 7834 3918 6806 2635
3271 12694 4309 3488 3487
3272 3488 3704 2146 4251 7229
3273 9180 12739 3530 5036 3475 10982 7627 5747 3489 7029 5897 6761 2509 6733 12470 4258 5555 5686 6824 10645 9641 5712 5286 11895 7033 2070
3274 3492 3493 3943 3486 2322 1958 4534 10302 5662 4203 8428 517 2578 871 8924 7673 4255
3277 12179 12331 4473 3501 11661
3281 5945 3508 9788 8272 10983
3283 4526 3513 4405 7335
3284 7597 5032 7096 6329
3287 2460 3520 4186 8887
3288 3984 5610 5614 7035 5306 7286 3530 4861 10891
3289 10305 6594 10302 3538
3290 2166 4226 5160 8083 585 9935 10882 5742 3488 3538 9028
3293 3553 6411 4807 5191 12038 7711 5646
3296 2025 5055 7871 3548 7126
3297 6456 7171 7198 3722 3685 3566 3733 5951
3298 5818 6802 3567 8213 7797 8164 4493 3555 7381 7140
3299 7624 2750 11456 10460 5649 7547 8113 3637 3569
3303 7009 8931 3584 7350 7214 2942
3304 6016 2796 7157 6410 4854 3856 8569 1986 777 3584 7371
3307 181 2526 6981 4569 6553 102 2650 84 2236 3589 6955
3308 3856 3056 3590 5438 1057 11285 3082 5255 12231 3928 2975
3314 1657 3062 6573 7116 5284
3315 5288 4357 12393 3631
3316 6133 3632 7590 4575 4059 6435 8559
3322 12194 3853 3642 7030 1930
3324 8385 9086 1827 11129 10644 12317 6755 623 12307
3325 10275 6596 11636 3649 3902 6595
3326 6298 1240 4891 4588 12805 6903 2692 12164
3327 10924 12204 5606 7146 3098 3651 12394
3328 4801 4728 6018 4369
3331 12462 5004 10661 8005 7854 3654
3332 11248 10994 11784 3657
3333 2621 1153 7269 7250 6065 4611 4612 4111
3334 4923 4611 3109 3658 5734 5732 4614 5736 10496 1306 10421 5826 4159 11824 5949 2478 9211 5998 2484 7122 7163 6630 9263
3335 3314 11899 3659 4255 7624 11430
3338 5803 3664 9627 12663 6582
3339 5783 6156 9533 6201 3667
3340 959 4892 6201 3667 10460 6815 7339 6683
3341 12495 12494 3075 3668 8609
3342 8669 9867 5853 7163 3668 6405 6721 3378 11644
3345 12795 3669 9303 4905 5785
3348 5053 3678 5150 5756 6808
3350 8851 5508 6133 4833 4670 5087 480 3682 1159 4353 4113 11905 6898 10879
3352 2240 6070 3685 5819 2614
3355 7727 5348 9793 3689
3360 4010 3493 3110 3701 5665
3362 9244 3711 6987 9585 9608
3363 2090 3758 4728 3400
3365 12408 10807 3718 4077 3979 1318 11990
3367 5942 12149 7808 11642
3369 12519 3733 5564 6228 3724 3059 2451 5812 3539 12627 8110 8113 12393 7169 4177 4079 10170 12486 11205
3371 3783 3734 4113 1960 3876
3372 3736 5668 8164 7203 7993
3373 8031 561 6974 3740 10927
3374 1649 6354 6690 5512 7689 10943 8211 5301 3979 7893 3753 3679 11532 3870
3376 2375 9274 5555 7452
3377 3767 7032 6924 12725 6783 5799 4187 7749 10325 6692 6441 4907 8104 4115 6376
3378 4255 3769 6976 6228 2835
3379 6765 1534 3890 3769 621 4563 6104
3380 4919 7018 3770 5076 5348
3381 8216 4134 4136 6566 7032 3773 1767 6276 6749 5087
3382 11316 11315 6083 5768 2102 3757 3778
3383 5562 3252 7897 3778 5931 6298
3384 8168 7674 3779 9812 7648 4955 3339 6387
3385 11900 4170 8227 3789 6624 7887
3388 3814 10489 4537 12082
3389 7770 7916 11973 9763 3814
3392 6379 5048 3826 12599 6216
3397 3898 3362 3849 3974
3404 6922 4241 3864 4601 6550 7169 4991 8216
3405 9515 9210 5752 10151 11173
3406 3911 9533 3866 4084 4111 12721 2092 12715 7696 11394
3407 8106 2725 5487 3867 12057 5980 8815 3405 4210 10827 3074
3408 10866 12074 12134 11302 4143 10867 7178 4997 6021
3409 3872 6229 3871 12245 5063 6692
3410 3992 2013 3990 3880 9481 10613
3412 3885 3097 5273 5996 4731
3416 4384 2619 6975 12094 8027 6260
3421 7149 7103 7945 5378 3935
3423 11107 6917 7475 10324 5457 5601 3937 6740
3425 6240 5540 2854 7770 3979 5053 815 9430 8681 6686 3939 7096 538
3426 7340 3941 199 8485 6439 5732
3428 6162 12342 5823 12215 7302 6623
3429 5711 5555 3952 9481 6361 6549 10592
3432 11101 3959 6245 7720 5038
3435 7244 5784 12169 9404
3436 7698 11305 6042 6828 11140 6719 7495 6535 6830 5277 10025 3972 3968 7086 8124
3437 7283 8175 3970 7049
3438 10117 3971 9951 3954 4430 6225
3439 7122 3973 5857 2026 5754
3440 6100 7875 5489 6474 5446 2242 3978 4126 6761 6196 3361 8110 7685 4160 5950 4255 5396 7481 6780
3441 1510 5152 3979 10162 5649
3443 6341 5601 7024 8231 6466 8037 3979 5543 6320 6180 5598 7583 7557 5842 7055 6130 6271 11065 1474
3444 12194 10392 7576 5496 5115 7483 3979
3446 10480 7318 3986 7899
3449 5263 7470 5406 9613 4678 5302 2559 5021
3451 10063 2933 7444 9210 8718 4003 7709 6488 5053
3453 5717 5555 6086 8890 4006 9899 9614 10350 2839
3454 1144 7919 706 4008 3371 10707 8179 1241
3456 7720 10384 5988 4938 3766
3461 1375 10735 5393 2250
3462 8070 7052 1984 4033
3463 4169 5384 4034 9471
3466 4039 7438 11755 7499 6042
3467 4039 10144 5759 5419 6013 5665 8132 6070
3468 11376 5564 7444 4040 7624 3421 3935
3470 4315 4507 6530 5396 6806 7689 5578 5284 5599 5614 4150 9666 10609 2763 11815 3866 4040 4369 6129 5492 3489 11455 8106 7770 12737 6944 6077 6480
3472 4626 5604 5316 4140 5380 5712 5378
3474 6623 11157 7334 4049 8798
3475 5086 7374 2914 4051
3476 3312 5571 7492 7158 6466 6130 4052
3478 5984 4077 2569 4143
3479 4934 5649 4080 7871 8522
3484 4380 12160 2218 10560 8106
3488 4314 12482 6481 6130 10727 4113 3800 9647 7862 3034 7676 11812 11743 5650 4872 6494 3998 10212 10902 4334 4834
3490 5621 6927 4123 7299
3491 1748 4125 5570 396 8468 5510 1965 9237 5632 3401
3492 11826 7452 7238 4127 2737 5693 10553
3494 5980 9231 2777 9181 1546 5999 2423 7371 6612 8236 3428 5557 535 167 6482 10691 4139 9762 11858
3495 6341 4043 3454 1421
3497 5442 6897 6521 5443 6896 6001 8216 5042 4151 6427 6428
3499 6623 4158 11815 5316 6898
3502 6198 4610 8132 7438 4169 1832 5317 8378 2605
3504 7715 4172 3533 695 7625 5508 6592 5483 7375 12639 2349 12027 8619 2669 5562 4536 4834
3506 3994 4728 1029 9030 4176 11231 7993 7938 6342
3507 6775 4180 8160 12561 4823 9797 6883 6771 5294
3508 3727 5732 4182 5564 2300
3509 1209 4183 5820 6151
3517 11735 4631 8037 7500 4208
3518 6104 10114 4208 4223 2365 7352 3405
3519 4939 3866 10844 5580
3522 7519 4388 4126 9144 7842 9130 3486 5610 7481 5555 3906 1809 6244 5900 11756
3524 1287 7098 5065 8509 4661 4234
3525 5226 4667 6533 7700
3527 6845 591 7452 2268 5816 1759 4251 5054 7492 11325 2635 1836 4554 3390 4650 5686 8793 3109
3528 10188 10602 12288 8082 8089 4251 7032 6397 11229 11987 4757 8161
3529 10282 4612 6220 9082 6219
3531 5639 4234 6021 3795 9755 4255
3532 8003 12117 5264 4255 6331 5597 2425 2426 9399
3534 5446 4255 1896 2737 6525 5918
3537 5701 6326 10900 5828 5079
3539 3030 4714 6081 11105 5171
3541 2640 3458 4575 11124 2212 5887 4311 2215 4278
3542 3584 7350 5902 6180
3543 6769 6970 5746 12162
3544 4849 8608 8751 4293
3546 815 2327 4294 4827 2854 7862 12635
3547 10869 1072 4374 1829 12786 6720
3548 5062 5491 9160 5396 4372
3550 7621 5901 1246 7897 4314 8225
3551 4321 6306 5421 2933 6876
3553 4336 6226 7804 8175
3554 4525 4523 7124 9989
3555 2395 11439 4072 4350 6558 6839 12405 7770 6608 5036 7041 4669 6789
3558 6129 5482 4507 4876 4346 5595 9407 5455
3560 4512 7032 2240 10626 7444 4352 4353 10797 6332 4255 6604 5380 6051
3562 6452 4357 6492 6374
3563 5555 6145 7217 5288 4357
3565 7620 11633 4442 8099 3827 5272
3566 4361 618 5871 4476 1169
3567 2954 7684 4365 6746 4195 8002 7090 7436 6905
3574 11783 4379 5813 5037 5090 5684 5049 8078
3577 2747 12072 4389 4327 4130 9678 5418 10156 2312 4037 4503 11768 9880 3675 6868
3580 5458 568 6910 11474 7824 3587
3583 6553 4283 7661 4416 4712 6017
3584 5283 7169 4360 4418 6052 7186 4240
3587 1456 4298 7444 3106 5682 629 6806 4442 1457 5567 7114
3590 906 4449 6375 4145 5395 7198 3736
3592 4453 1771 12331 4916 5662 1755 8106
3597 5511 4849 7720 7990 4493
3598 2556 7939 4649 645 4493 6644 7938 7332 7030 8941 2564 12392 1868 7550 4952
3600 11539 4504 5553 12406 3484 7453
3602 4511 5418 4624 4158 4403
3605 7135 7939 6748 6341 7008 8046 4916 5088 4513 7278 7207 826 6428 6667 6427
3608 4159 4516 6453 8742
3610 4525 7381 6078 6151 7992 9035 4511
3612 405 681 2787 7545 7564 8511 11157 10353 5288 12616 1930 9068 9588 5716 2842 4390 5778 3398 5947 3825 12437 9766 5396 8387 8813 9492 12581 4534 4889
3613 4779 4538 4624 5300 10078 5410 4623 12657 11403 7674 3872 7633
3615 5333 9671 4900 5677 4544 6598 5762 6816
3617 983 4046 8065 6236 4190 4554 4649
3620 4571 7926 7201 6041
3621 10486 7689 5067 4573 5343 8653
3624 8473 7248 4602 4941 8125 5758 5683 8424 7158 7119 2682 7647
3626 4666 5193 5575 5576 6451
3628 7871 10631 4631 12480 10641 7415 12227 5830 3216
3629 4915 4634 4916 6771 6776
3631 7974 9488 4035 4636 7205
3634 4030 5033 4643 7098
3636 11120 4661 8066 7824
3638 6780 6784 11464 6055 4667 2519
3642 4687 10648 7939 5578 7999 6001
3643 4910 1159 5813 6596
3644 5279 7514 7671 6934
3645 4698 4761 7322 8415
3647 4807 1144 12078 2901 4702 5928 7899 7201 1517
3649 7920 4711 7349 7650 8421 1994 11168 2257 3954 3957
3651 10748 5663 5011 10817
3652 5542 4785 5541 9097 1545 8975 7880
3653 7299 5064 5537 7374 4728 9887
3661 4773 7243 8055 7552
3665 2228 6530 1448 5511 2273 7468
3666 4794 6477 1201 1398
3669 4832 6133 5709 12732 7028
3670 8000 4833 7849 7661 5108 3766 3946 5571
3671 4994 4835 11605 11056 5500 2453 6344 6398 5415
3672 11722 8175 462 12631 10775 5267 4841 926 7002
3673 6271 4847 5759 3374
3674 11704 8175 4848 5431 7741 11234 12552 5432 5598 12544
3675 5505 7350 5506 7075 6832 11945 4857 8391 6442
3677 4859 6673 6510 3378 5604 6343 12027 5422 5288
3678 7087 4859 6785 12634 5908
3681 405 3329 5871 12208 5870 4879 11999 8623
3682 7720 9738 7815 8420 6910 4901 5649 8132 7380 7769 11916 5674 7733 2618
3683 10699 4901 4902 3450
3684 2749 5705 6029 5180 4925 8993 1125 2004 5914 12796 8208 5628 5939 11811 8573 6210 818 6014 7657 12065 4906
3686 6771 11933 2291 11416 2292 5435 4911 7721 7776 6748 5053
3687 1628 5278 5597 8218
3690 5458 4255 7061 7099 4921 9941
3692 5466 6401 6514 4037 10084
3693 5011 7449 8148 4932 6359 7474 11326 5404 3890 5384 11169 5795
3694 1257 4933 709 8425 8063 4087 1781 5910
3696 6177 5604 11280 11188 8372 7266
3699 4597 4593 8305 5134 6151 681
3701 1573 1343 4158 7474 9919
3703 3256 6821 7499 11504
3704 11292 4986 7939 6613
3709 5538 8192 5421 3327 7894 5027
3713 1698 5709 2295 412 6286 7013 1398 5036
3714 7448 3724 7014 10675 5045
3715 11145 7610 2188 5465
3716 8046 5725 5724 7723 639 681 7736 118
3721 1391 4767 6225 7428
3724 5994 6022 5200 10780 3983 5099 10811
3726 5117 5477 5475 6554 3955 6784
3727 1914 6735 8046 6269 1910 1695 7939 7705 5122 6025 5604 3041 2987 4601 8052 2720
3732 7818 5608 5313 12720 5166 10545
3733 8139 10998 7235 5167
3734 3511 12626 8199 1203 9612 7062
3735 7984 5393 10718 12424 5700 5178 2420 6136 12504 4679 3569 4055 7670 6135 1216 11559
3739 2394 11587 5207 11961
3744 5727 146 5240 7704 12655
3745 5247 7075 7839 6284 7103
3746 5514 7657 6934 9825 7720 6375
3749 11948 5849 7082 12170 7720
3751 4986 10402 5695 11878 5284 7644 5919 11625 8357
3752 506 5595 5515 2795 5700 6286 7773 8011 5562 4955 6461 5289 5564 4930 7168 4318
3754 5927 7078 5313 7278
3755 6361 11994 5317 5590
3757 12029 6202 11797 7346 6709 5486 11820 10387 7261 12028
3760 2217 8934 6554 11566 5344 1406 2708 7015
3763 4493 6375 7613 6993 6997 12054 8637
3764 12367 5395 5367 5886 4978
3766 1337 1236 2090 4051 5376 6575 3584
3769 6185 6828 7023 6815
3772 6961 8021 1316 6427 8192 5442 478 6896 6897 6646 6520 5476 739
3779 7681 6564 9682 5482 5380 7791
3782 5147 7420 5519 7731 9117 4953 4955 2697 1694 5343 6118
3784 8157 7988 11236 11237 5528 5530 7089 4136 11671 6330 4138 4141 5825
3785 6952 7495 11473 6736 6737
3790 6530 8190 3199 7264 4141 6070 2367
3792 5586 6962 977 5987
3797 3186 1077 1003 1895 5603 2713 5598 60 1049 461 1044 1302
3799 11820 7454 3901 12412 6761 4861 5645 5595 7365
3800 630 1795 2808 6592 5646 1766 2908 1832 2909 854 6016 7157
3802 5650 8026 7609 8018 2105 1060 9055 7705
3804 6644 7565 7731 12571 5666 5667
3805 2687 3174 7609 5673 7470
3806 5678 10390 1898 1564
3807 5932 6758 4976 7280 3870 6928 4912 12023 4715 9005 11347
3808 9806 11646 7465 5873 6217 10625 5683
3811 5690 7108 8164 8023 6001 9694
3813 11607 5709 3111 1895 8030 5536 6337
3814 5713 5926 6427 6630 6452 3320
3816 1571 5780 5782 5767 7899 3935 5774
3818 6097 5791 4228 6374
3820 12719 410 7246 665 10728 5819
3824 7962 8558 5889 12780 3082 6970 5886
3825 6674 6977 12675 7552 11079 11520 11687
3826 7206 9325 1211 7205 3899 5919 2239 4255 5924 3979
3827 9077 1422 7500 3041 7902 7576
3828 4824 6133 6069 3345 8005 5926
3830 8386 6052 11424 6232 951
3833 7259 8026 1915 2387 169 4669 7170 2981 560 1649 1326 678 11392 6025 284 3979 1908
3836 9742 7355 8566 6677 12584 10047 5709 10886
3839 6074 3421 10660 7656 8095
3840 6924 6264 2967 6172 6133 3613 6571 3981 3616
3842 7168 11525 12345 7580 6180 7506
3844 7776 5795 4751 5721 4007 2735 6098 11327 11328 5583 583 5242 7698 4610 8037 11317 3979 8293 6221 9680
3845 6673 6221 7922 7731 8159
3850 4210 3324 5487 1425 6310 7583 6228 2206 5158 5893 10588 9997 6594
3852 8807 5759 8096 6723
3859 6842 11829 8583 7766
3860 6025 1003 2525 4511 1643 8021 877 2372 6961 6341 6537 4979 4014 561 7939 826 8052
3861 6358 5595 6427 5317 7633 7896 1401
3863 6349 6598 6911 7210
3865 8905 9337 7939 9089
3868 8168 2716 7580 6713 5844
3869 12131 11698 418 11695 5524 11620 11945 7041 10682 6345 6731 8001 11641 8049
3870 8711 1904 6528 8052 1205 2850 2716 1403 1187 6655 1185 300 6748 8854 12311 7939 6537 2170 7705 1628 1091 9676 2465 8046 2720 286 1319 4511
3871 12266 10283 3191 6775 2689 5638 7081 6949 5659 6772 10628 7482 8106
3874 8051 8008 7769 9333 6887 7078
3876 12414 5082 1770 8456 6901 7813 3350 8406 8176 5656
3878 3015 8656 6914 7567 8079 8563
3881 6957 4502 7402 2406 7406 8108
3883 12169 7043 12578 6530 8198 7131
3884 7827 11661 12788 12179 7086 7158 12548 7452 11844
3886 6012 8249 8126 12138
3887 1081 7853 7787 6090 8098 7190
3889 10999 7438 6227 7283
3891 8146 4752 7934 7328
3892 7328 12213 8544 7455
3894 6558 6069 7851 8062
3897 7720 11934 7627 4583 5601 7471 7783 10427 3973
3900 6860 8006 8589 7789 8800